price	lev1	lev3	levCnt1
   1.0000000e+03   1.0000000e+00   1.0000000e+00   1.0000000e+00
   1.0090090e+03   1.0044643e+00   1.0178571e+00   1.0044643e+00
   1.0180180e+03   1.0088496e+00   1.0353982e+00   1.0089088e+00
   1.0270270e+03   1.0131579e+00   1.0526316e+00   1.0133339e+00
   1.0360360e+03   1.0173913e+00   1.0695652e+00   1.0177397e+00
   1.0450450e+03   1.0215517e+00   1.0862069e+00   1.0221265e+00
   1.0540541e+03   1.0256410e+00   1.1025641e+00   1.0264945e+00
   1.0630631e+03   1.0296610e+00   1.1186441e+00   1.0308441e+00
   1.0720721e+03   1.0336134e+00   1.1344538e+00   1.0351754e+00
   1.0810811e+03   1.0375000e+00   1.1500000e+00   1.0394886e+00
   1.0900901e+03   1.0413223e+00   1.1652893e+00   1.0437840e+00
   1.0990991e+03   1.0450820e+00   1.1803279e+00   1.0480618e+00
   1.1081081e+03   1.0487805e+00   1.1951220e+00   1.0523222e+00
   1.1171171e+03   1.0524194e+00   1.2096774e+00   1.0565654e+00
   1.1261261e+03   1.0560000e+00   1.2240000e+00   1.0607917e+00
   1.1351351e+03   1.0595238e+00   1.2380952e+00   1.0650012e+00
   1.1441441e+03   1.0629921e+00   1.2519685e+00   1.0691941e+00
   1.1531532e+03   1.0664063e+00   1.2656250e+00   1.0733707e+00
   1.1621622e+03   1.0697674e+00   1.2790698e+00   1.0775310e+00
   1.1711712e+03   1.0730769e+00   1.2923077e+00   1.0816754e+00
   1.1801802e+03   1.0763359e+00   1.3053435e+00   1.0858039e+00
   1.1891892e+03   1.0795455e+00   1.3181818e+00   1.0899168e+00
   1.1981982e+03   1.0827068e+00   1.3308271e+00   1.0940142e+00
   1.2072072e+03   1.0858209e+00   1.3432836e+00   1.0980964e+00
   1.2162162e+03   1.0888889e+00   1.3555556e+00   1.1021634e+00
   1.2252252e+03   1.0919118e+00   1.3676471e+00   1.1062155e+00
   1.2342342e+03   1.0948905e+00   1.3795620e+00   1.1102527e+00
   1.2432432e+03   1.0978261e+00   1.3913043e+00   1.1142754e+00
   1.2522523e+03   1.1007194e+00   1.4028777e+00   1.1182836e+00
   1.2612613e+03   1.1035714e+00   1.4142857e+00   1.1222774e+00
   1.2702703e+03   1.1063830e+00   1.4255319e+00   1.1262572e+00
   1.2792793e+03   1.1091549e+00   1.4366197e+00   1.1302228e+00
   1.2882883e+03   1.1118881e+00   1.4475524e+00   1.1341747e+00
   1.2972973e+03   1.1145833e+00   1.4583333e+00   1.1381128e+00
   1.3063063e+03   1.1172414e+00   1.4689655e+00   1.1420373e+00
   1.3153153e+03   1.1198630e+00   1.4794521e+00   1.1459484e+00
   1.3243243e+03   1.1224490e+00   1.4897959e+00   1.1498462e+00
   1.3333333e+03   1.1250000e+00   1.5000000e+00   1.1537308e+00
   1.3423423e+03   1.1275168e+00   1.5100671e+00   1.1576024e+00
   1.3513514e+03   1.1300000e+00   1.5200000e+00   1.1614610e+00
   1.3603604e+03   1.1324503e+00   1.5298013e+00   1.1653069e+00
   1.3693694e+03   1.1348684e+00   1.5394737e+00   1.1691402e+00
   1.3783784e+03   1.1372549e+00   1.5490196e+00   1.1729609e+00
   1.3873874e+03   1.1396104e+00   1.5584416e+00   1.1767692e+00
   1.3963964e+03   1.1419355e+00   1.5677419e+00   1.1805653e+00
   1.4054054e+03   1.1442308e+00   1.5769231e+00   1.1843491e+00
   1.4144144e+03   1.1464968e+00   1.5859873e+00   1.1881209e+00
   1.4234234e+03   1.1487342e+00   1.5949367e+00   1.1918808e+00
   1.4324324e+03   1.1509434e+00   1.6037736e+00   1.1956289e+00
   1.4414414e+03   1.1531250e+00   1.6125000e+00   1.1993652e+00
   1.4504505e+03   1.1552795e+00   1.6211180e+00   1.2030899e+00
   1.4594595e+03   1.1574074e+00   1.6296296e+00   1.2068032e+00
   1.4684685e+03   1.1595092e+00   1.6380368e+00   1.2105050e+00
   1.4774775e+03   1.1615854e+00   1.6463415e+00   1.2141956e+00
   1.4864865e+03   1.1636364e+00   1.6545455e+00   1.2178750e+00
   1.4954955e+03   1.1656627e+00   1.6626506e+00   1.2215433e+00
   1.5045045e+03   1.1676647e+00   1.6706587e+00   1.2252006e+00
   1.5135135e+03   1.1696429e+00   1.6785714e+00   1.2288470e+00
   1.5225225e+03   1.1715976e+00   1.6863905e+00   1.2324827e+00
   1.5315315e+03   1.1735294e+00   1.6941176e+00   1.2361076e+00
   1.5405405e+03   1.1754386e+00   1.7017544e+00   1.2397220e+00
   1.5495495e+03   1.1773256e+00   1.7093023e+00   1.2433258e+00
   1.5585586e+03   1.1791908e+00   1.7167630e+00   1.2469192e+00
   1.5675676e+03   1.1810345e+00   1.7241379e+00   1.2505023e+00
   1.5765766e+03   1.1828571e+00   1.7314286e+00   1.2540752e+00
   1.5855856e+03   1.1846591e+00   1.7386364e+00   1.2576379e+00
   1.5945946e+03   1.1864407e+00   1.7457627e+00   1.2611906e+00
   1.6036036e+03   1.1882022e+00   1.7528090e+00   1.2647332e+00
   1.6126126e+03   1.1899441e+00   1.7597765e+00   1.2682660e+00
   1.6216216e+03   1.1916667e+00   1.7666667e+00   1.2717890e+00
   1.6306306e+03   1.1933702e+00   1.7734807e+00   1.2753022e+00
   1.6396396e+03   1.1950549e+00   1.7802198e+00   1.2788058e+00
   1.6486486e+03   1.1967213e+00   1.7868852e+00   1.2822998e+00
   1.6576577e+03   1.1983696e+00   1.7934783e+00   1.2857843e+00
   1.6666667e+03   1.2000000e+00   1.8000000e+00   1.2892594e+00
   1.6756757e+03   1.2016129e+00   1.8064516e+00   1.2927251e+00
   1.6846847e+03   1.2032086e+00   1.8128342e+00   1.2961816e+00
   1.6936937e+03   1.2047872e+00   1.8191489e+00   1.2996289e+00
   1.7027027e+03   1.2063492e+00   1.8253968e+00   1.3030671e+00
   1.7117117e+03   1.2078947e+00   1.8315789e+00   1.3064962e+00
   1.7207207e+03   1.2094241e+00   1.8376963e+00   1.3099163e+00
   1.7297297e+03   1.2109375e+00   1.8437500e+00   1.3133276e+00
   1.7387387e+03   1.2124352e+00   1.8497409e+00   1.3167300e+00
   1.7477477e+03   1.2139175e+00   1.8556701e+00   1.3201236e+00
   1.7567568e+03   1.2153846e+00   1.8615385e+00   1.3235086e+00
   1.7657658e+03   1.2168367e+00   1.8673469e+00   1.3268849e+00
   1.7747748e+03   1.2182741e+00   1.8730964e+00   1.3302526e+00
   1.7837838e+03   1.2196970e+00   1.8787879e+00   1.3336118e+00
   1.7927928e+03   1.2211055e+00   1.8844221e+00   1.3369626e+00
   1.8018018e+03   1.2225000e+00   1.8900000e+00   1.3403050e+00
   1.8108108e+03   1.2238806e+00   1.8955224e+00   1.3436391e+00
   1.8198198e+03   1.2252475e+00   1.9009901e+00   1.3469649e+00
   1.8288288e+03   1.2266010e+00   1.9064039e+00   1.3502826e+00
   1.8378378e+03   1.2279412e+00   1.9117647e+00   1.3535921e+00
   1.8468468e+03   1.2292683e+00   1.9170732e+00   1.3568935e+00
   1.8558559e+03   1.2305825e+00   1.9223301e+00   1.3601870e+00
   1.8648649e+03   1.2318841e+00   1.9275362e+00   1.3634724e+00
   1.8738739e+03   1.2331731e+00   1.9326923e+00   1.3667500e+00
   1.8828829e+03   1.2344498e+00   1.9377990e+00   1.3700198e+00
   1.8918919e+03   1.2357143e+00   1.9428571e+00   1.3732817e+00
   1.9009009e+03   1.2369668e+00   1.9478673e+00   1.3765359e+00
   1.9099099e+03   1.2382075e+00   1.9528302e+00   1.3797825e+00
   1.9189189e+03   1.2394366e+00   1.9577465e+00   1.3830214e+00
   1.9279279e+03   1.2406542e+00   1.9626168e+00   1.3862528e+00
   1.9369369e+03   1.2418605e+00   1.9674419e+00   1.3894766e+00
   1.9459459e+03   1.2430556e+00   1.9722222e+00   1.3926930e+00
   1.9549550e+03   1.2442396e+00   1.9769585e+00   1.3959020e+00
   1.9639640e+03   1.2454128e+00   1.9816514e+00   1.3991036e+00
   1.9729730e+03   1.2465753e+00   1.9863014e+00   1.4022979e+00
   1.9819820e+03   1.2477273e+00   1.9909091e+00   1.4054849e+00
   1.9909910e+03   1.2488688e+00   1.9954751e+00   1.4086647e+00
   2.0000000e+03   1.2500000e+00   2.0000000e+00   1.4118374e+00
   2.0090090e+03   1.2511211e+00   2.0044843e+00   1.4150030e+00
   2.0180180e+03   1.2522321e+00   2.0089286e+00   1.4181614e+00
   2.0270270e+03   1.2533333e+00   2.0133333e+00   1.4213129e+00
   2.0360360e+03   1.2544248e+00   2.0176991e+00   1.4244574e+00
   2.0450450e+03   1.2555066e+00   2.0220264e+00   1.4275950e+00
   2.0540541e+03   1.2565789e+00   2.0263158e+00   1.4307257e+00
   2.0630631e+03   1.2576419e+00   2.0305677e+00   1.4338495e+00
   2.0720721e+03   1.2586957e+00   2.0347826e+00   1.4369666e+00
   2.0810811e+03   1.2597403e+00   2.0389610e+00   1.4400769e+00
   2.0900901e+03   1.2607759e+00   2.0431034e+00   1.4431805e+00
   2.0990991e+03   1.2618026e+00   2.0472103e+00   1.4462775e+00
   2.1081081e+03   1.2628205e+00   2.0512821e+00   1.4493678e+00
   2.1171171e+03   1.2638298e+00   2.0553191e+00   1.4524516e+00
   2.1261261e+03   1.2648305e+00   2.0593220e+00   1.4555288e+00
   2.1351351e+03   1.2658228e+00   2.0632911e+00   1.4585995e+00
   2.1441441e+03   1.2668067e+00   2.0672269e+00   1.4616638e+00
   2.1531532e+03   1.2677824e+00   2.0711297e+00   1.4647217e+00
   2.1621622e+03   1.2687500e+00   2.0750000e+00   1.4677732e+00
   2.1711712e+03   1.2697095e+00   2.0788382e+00   1.4708184e+00
   2.1801802e+03   1.2706612e+00   2.0826446e+00   1.4738573e+00
   2.1891892e+03   1.2716049e+00   2.0864198e+00   1.4768899e+00
   2.1981982e+03   1.2725410e+00   2.0901639e+00   1.4799163e+00
   2.2072072e+03   1.2734694e+00   2.0938776e+00   1.4829365e+00
   2.2162162e+03   1.2743902e+00   2.0975610e+00   1.4859506e+00
   2.2252252e+03   1.2753036e+00   2.1012146e+00   1.4889586e+00
   2.2342342e+03   1.2762097e+00   2.1048387e+00   1.4919606e+00
   2.2432432e+03   1.2771084e+00   2.1084337e+00   1.4949565e+00
   2.2522523e+03   1.2780000e+00   2.1120000e+00   1.4979464e+00
   2.2612613e+03   1.2788845e+00   2.1155378e+00   1.5009303e+00
   2.2702703e+03   1.2797619e+00   2.1190476e+00   1.5039084e+00
   2.2792793e+03   1.2806324e+00   2.1225296e+00   1.5068805e+00
   2.2882883e+03   1.2814961e+00   2.1259843e+00   1.5098468e+00
   2.2972973e+03   1.2823529e+00   2.1294118e+00   1.5128073e+00
   2.3063063e+03   1.2832031e+00   2.1328125e+00   1.5157620e+00
   2.3153153e+03   1.2840467e+00   2.1361868e+00   1.5187110e+00
   2.3243243e+03   1.2848837e+00   2.1395349e+00   1.5216542e+00
   2.3333333e+03   1.2857143e+00   2.1428571e+00   1.5245918e+00
   2.3423423e+03   1.2865385e+00   2.1461538e+00   1.5275237e+00
   2.3513514e+03   1.2873563e+00   2.1494253e+00   1.5304500e+00
   2.3603604e+03   1.2881679e+00   2.1526718e+00   1.5333707e+00
   2.3693694e+03   1.2889734e+00   2.1558935e+00   1.5362858e+00
   2.3783784e+03   1.2897727e+00   2.1590909e+00   1.5391955e+00
   2.3873874e+03   1.2905660e+00   2.1622642e+00   1.5420996e+00
   2.3963964e+03   1.2913534e+00   2.1654135e+00   1.5449983e+00
   2.4054054e+03   1.2921348e+00   2.1685393e+00   1.5478915e+00
   2.4144144e+03   1.2929104e+00   2.1716418e+00   1.5507794e+00
   2.4234234e+03   1.2936803e+00   2.1747212e+00   1.5536619e+00
   2.4324324e+03   1.2944444e+00   2.1777778e+00   1.5565390e+00
   2.4414414e+03   1.2952030e+00   2.1808118e+00   1.5594109e+00
   2.4504505e+03   1.2959559e+00   2.1838235e+00   1.5622774e+00
   2.4594595e+03   1.2967033e+00   2.1868132e+00   1.5651388e+00
   2.4684685e+03   1.2974453e+00   2.1897810e+00   1.5679948e+00
   2.4774775e+03   1.2981818e+00   2.1927273e+00   1.5708457e+00
   2.4864865e+03   1.2989130e+00   2.1956522e+00   1.5736915e+00
   2.4954955e+03   1.2996390e+00   2.1985560e+00   1.5765321e+00
   2.5045045e+03   1.3003597e+00   2.2014388e+00   1.5793676e+00
   2.5135135e+03   1.3010753e+00   2.2043011e+00   1.5821980e+00
   2.5225225e+03   1.3017857e+00   2.2071429e+00   1.5850233e+00
   2.5315315e+03   1.3024911e+00   2.2099644e+00   1.5878437e+00
   2.5405405e+03   1.3031915e+00   2.2127660e+00   1.5906590e+00
   2.5495495e+03   1.3038869e+00   2.2155477e+00   1.5934693e+00
   2.5585586e+03   1.3045775e+00   2.2183099e+00   1.5962747e+00
   2.5675676e+03   1.3052632e+00   2.2210526e+00   1.5990752e+00
   2.5765766e+03   1.3059441e+00   2.2237762e+00   1.6018708e+00
   2.5855856e+03   1.3066202e+00   2.2264808e+00   1.6046615e+00
   2.5945946e+03   1.3072917e+00   2.2291667e+00   1.6074474e+00
   2.6036036e+03   1.3079585e+00   2.2318339e+00   1.6102284e+00
   2.6126126e+03   1.3086207e+00   2.2344828e+00   1.6130047e+00
   2.6216216e+03   1.3092784e+00   2.2371134e+00   1.6157762e+00
   2.6306306e+03   1.3099315e+00   2.2397260e+00   1.6185429e+00
   2.6396396e+03   1.3105802e+00   2.2423208e+00   1.6213049e+00
   2.6486486e+03   1.3112245e+00   2.2448980e+00   1.6240623e+00
   2.6576577e+03   1.3118644e+00   2.2474576e+00   1.6268149e+00
   2.6666667e+03   1.3125000e+00   2.2500000e+00   1.6295629e+00
   2.6756757e+03   1.3131313e+00   2.2525253e+00   1.6323063e+00
   2.6846847e+03   1.3137584e+00   2.2550336e+00   1.6350451e+00
   2.6936937e+03   1.3143813e+00   2.2575251e+00   1.6377792e+00
   2.7027027e+03   1.3150000e+00   2.2600000e+00   1.6405089e+00
   2.7117117e+03   1.3156146e+00   2.2624585e+00   1.6432340e+00
   2.7207207e+03   1.3162252e+00   2.2649007e+00   1.6459546e+00
   2.7297297e+03   1.3168317e+00   2.2673267e+00   1.6486707e+00
   2.7387387e+03   1.3174342e+00   2.2697368e+00   1.6513823e+00
   2.7477477e+03   1.3180328e+00   2.2721311e+00   1.6540895e+00
   2.7567568e+03   1.3186275e+00   2.2745098e+00   1.6567922e+00
   2.7657658e+03   1.3192182e+00   2.2768730e+00   1.6594906e+00
   2.7747748e+03   1.3198052e+00   2.2792208e+00   1.6621846e+00
   2.7837838e+03   1.3203883e+00   2.2815534e+00   1.6648742e+00
   2.7927928e+03   1.3209677e+00   2.2838710e+00   1.6675595e+00
   2.8018018e+03   1.3215434e+00   2.2861736e+00   1.6702404e+00
   2.8108108e+03   1.3221154e+00   2.2884615e+00   1.6729171e+00
   2.8198198e+03   1.3226837e+00   2.2907348e+00   1.6755895e+00
   2.8288288e+03   1.3232484e+00   2.2929936e+00   1.6782576e+00
   2.8378378e+03   1.3238095e+00   2.2952381e+00   1.6809215e+00
   2.8468468e+03   1.3243671e+00   2.2974684e+00   1.6835812e+00
   2.8558559e+03   1.3249211e+00   2.2996845e+00   1.6862367e+00
   2.8648649e+03   1.3254717e+00   2.3018868e+00   1.6888880e+00
   2.8738739e+03   1.3260188e+00   2.3040752e+00   1.6915352e+00
   2.8828829e+03   1.3265625e+00   2.3062500e+00   1.6941782e+00
   2.8918919e+03   1.3271028e+00   2.3084112e+00   1.6968171e+00
   2.9009009e+03   1.3276398e+00   2.3105590e+00   1.6994519e+00
   2.9099099e+03   1.3281734e+00   2.3126935e+00   1.7020826e+00
   2.9189189e+03   1.3287037e+00   2.3148148e+00   1.7047093e+00
   2.9279279e+03   1.3292308e+00   2.3169231e+00   1.7073319e+00
   2.9369369e+03   1.3297546e+00   2.3190184e+00   1.7099506e+00
   2.9459459e+03   1.3302752e+00   2.3211009e+00   1.7125652e+00
   2.9549550e+03   1.3307927e+00   2.3231707e+00   1.7151758e+00
   2.9639640e+03   1.3313070e+00   2.3252280e+00   1.7177824e+00
   2.9729730e+03   1.3318182e+00   2.3272727e+00   1.7203851e+00
   2.9819820e+03   1.3323263e+00   2.3293051e+00   1.7229839e+00
   2.9909910e+03   1.3328313e+00   2.3313253e+00   1.7255788e+00
   3.0000000e+03   1.3333333e+00   2.3333333e+00   1.7281697e+00
   3.0090090e+03   1.3338323e+00   2.3353293e+00   1.7307568e+00
   3.0180180e+03   1.3343284e+00   2.3373134e+00   1.7333400e+00
   3.0270270e+03   1.3348214e+00   2.3392857e+00   1.7359194e+00
   3.0360360e+03   1.3353116e+00   2.3412463e+00   1.7384949e+00
   3.0450450e+03   1.3357988e+00   2.3431953e+00   1.7410667e+00
   3.0540541e+03   1.3362832e+00   2.3451327e+00   1.7436346e+00
   3.0630631e+03   1.3367647e+00   2.3470588e+00   1.7461988e+00
   3.0720721e+03   1.3372434e+00   2.3489736e+00   1.7487592e+00
   3.0810811e+03   1.3377193e+00   2.3508772e+00   1.7513159e+00
   3.0900901e+03   1.3381924e+00   2.3527697e+00   1.7538688e+00
   3.0990991e+03   1.3386628e+00   2.3546512e+00   1.7564180e+00
   3.1081081e+03   1.3391304e+00   2.3565217e+00   1.7589636e+00
   3.1171171e+03   1.3395954e+00   2.3583815e+00   1.7615054e+00
   3.1261261e+03   1.3400576e+00   2.3602305e+00   1.7640436e+00
   3.1351351e+03   1.3405172e+00   2.3620690e+00   1.7665782e+00
   3.1441441e+03   1.3409742e+00   2.3638968e+00   1.7691091e+00
   3.1531532e+03   1.3414286e+00   2.3657143e+00   1.7716364e+00
   3.1621622e+03   1.3418803e+00   2.3675214e+00   1.7741601e+00
   3.1711712e+03   1.3423295e+00   2.3693182e+00   1.7766802e+00
   3.1801802e+03   1.3427762e+00   2.3711048e+00   1.7791967e+00
   3.1891892e+03   1.3432203e+00   2.3728814e+00   1.7817097e+00
   3.1981982e+03   1.3436620e+00   2.3746479e+00   1.7842192e+00
   3.2072072e+03   1.3441011e+00   2.3764045e+00   1.7867251e+00
   3.2162162e+03   1.3445378e+00   2.3781513e+00   1.7892275e+00
   3.2252252e+03   1.3449721e+00   2.3798883e+00   1.7917264e+00
   3.2342342e+03   1.3454039e+00   2.3816156e+00   1.7942219e+00
   3.2432432e+03   1.3458333e+00   2.3833333e+00   1.7967138e+00
   3.2522523e+03   1.3462604e+00   2.3850416e+00   1.7992024e+00
   3.2612613e+03   1.3466851e+00   2.3867403e+00   1.8016874e+00
   3.2702703e+03   1.3471074e+00   2.3884298e+00   1.8041691e+00
   3.2792793e+03   1.3475275e+00   2.3901099e+00   1.8066474e+00
   3.2882883e+03   1.3479452e+00   2.3917808e+00   1.8091222e+00
   3.2972973e+03   1.3483607e+00   2.3934426e+00   1.8115937e+00
   3.3063063e+03   1.3487738e+00   2.3950954e+00   1.8140618e+00
   3.3153153e+03   1.3491848e+00   2.3967391e+00   1.8165266e+00
   3.3243243e+03   1.3495935e+00   2.3983740e+00   1.8189880e+00
   3.3333333e+03   1.3500000e+00   2.4000000e+00   1.8214461e+00
   3.3423423e+03   1.3504043e+00   2.4016173e+00   1.8239009e+00
   3.3513514e+03   1.3508065e+00   2.4032258e+00   1.8263523e+00
   3.3603604e+03   1.3512064e+00   2.4048257e+00   1.8288005e+00
   3.3693694e+03   1.3516043e+00   2.4064171e+00   1.8312455e+00
   3.3783784e+03   1.3520000e+00   2.4080000e+00   1.8336871e+00
   3.3873874e+03   1.3523936e+00   2.4095745e+00   1.8361255e+00
   3.3963964e+03   1.3527851e+00   2.4111406e+00   1.8385607e+00
   3.4054054e+03   1.3531746e+00   2.4126984e+00   1.8409927e+00
   3.4144144e+03   1.3535620e+00   2.4142480e+00   1.8434214e+00
   3.4234234e+03   1.3539474e+00   2.4157895e+00   1.8458470e+00
   3.4324324e+03   1.3543307e+00   2.4173228e+00   1.8482693e+00
   3.4414414e+03   1.3547120e+00   2.4188482e+00   1.8506885e+00
   3.4504505e+03   1.3550914e+00   2.4203655e+00   1.8531046e+00
   3.4594595e+03   1.3554688e+00   2.4218750e+00   1.8555175e+00
   3.4684685e+03   1.3558442e+00   2.4233766e+00   1.8579272e+00
   3.4774775e+03   1.3562176e+00   2.4248705e+00   1.8603339e+00
   3.4864865e+03   1.3565891e+00   2.4263566e+00   1.8627374e+00
   3.4954955e+03   1.3569588e+00   2.4278351e+00   1.8651379e+00
   3.5045045e+03   1.3573265e+00   2.4293059e+00   1.8675352e+00
   3.5135135e+03   1.3576923e+00   2.4307692e+00   1.8699295e+00
   3.5225225e+03   1.3580563e+00   2.4322251e+00   1.8723207e+00
   3.5315315e+03   1.3584184e+00   2.4336735e+00   1.8747089e+00
   3.5405405e+03   1.3587786e+00   2.4351145e+00   1.8770940e+00
   3.5495495e+03   1.3591371e+00   2.4365482e+00   1.8794761e+00
   3.5585586e+03   1.3594937e+00   2.4379747e+00   1.8818552e+00
   3.5675676e+03   1.3598485e+00   2.4393939e+00   1.8842312e+00
   3.5765766e+03   1.3602015e+00   2.4408060e+00   1.8866043e+00
   3.5855856e+03   1.3605528e+00   2.4422111e+00   1.8889744e+00
   3.5945946e+03   1.3609023e+00   2.4436090e+00   1.8913416e+00
   3.6036036e+03   1.3612500e+00   2.4450000e+00   1.8937058e+00
   3.6126126e+03   1.3615960e+00   2.4463840e+00   1.8960670e+00
   3.6216216e+03   1.3619403e+00   2.4477612e+00   1.8984253e+00
   3.6306306e+03   1.3622829e+00   2.4491315e+00   1.9007806e+00
   3.6396396e+03   1.3626238e+00   2.4504950e+00   1.9031331e+00
   3.6486486e+03   1.3629630e+00   2.4518519e+00   1.9054826e+00
   3.6576577e+03   1.3633005e+00   2.4532020e+00   1.9078293e+00
   3.6666667e+03   1.3636364e+00   2.4545455e+00   1.9101731e+00
   3.6756757e+03   1.3639706e+00   2.4558824e+00   1.9125140e+00
   3.6846847e+03   1.3643032e+00   2.4572127e+00   1.9148520e+00
   3.6936937e+03   1.3646341e+00   2.4585366e+00   1.9171872e+00
   3.7027027e+03   1.3649635e+00   2.4598540e+00   1.9195195e+00
   3.7117117e+03   1.3652913e+00   2.4611650e+00   1.9218490e+00
   3.7207207e+03   1.3656174e+00   2.4624697e+00   1.9241757e+00
   3.7297297e+03   1.3659420e+00   2.4637681e+00   1.9264996e+00
   3.7387387e+03   1.3662651e+00   2.4650602e+00   1.9288207e+00
   3.7477477e+03   1.3665865e+00   2.4663462e+00   1.9311390e+00
   3.7567568e+03   1.3669065e+00   2.4676259e+00   1.9334545e+00
   3.7657658e+03   1.3672249e+00   2.4688995e+00   1.9357673e+00
   3.7747748e+03   1.3675418e+00   2.4701671e+00   1.9380772e+00
   3.7837838e+03   1.3678571e+00   2.4714286e+00   1.9403845e+00
   3.7927928e+03   1.3681710e+00   2.4726841e+00   1.9426890e+00
   3.8018018e+03   1.3684834e+00   2.4739336e+00   1.9449907e+00
   3.8108108e+03   1.3687943e+00   2.4751773e+00   1.9472898e+00
   3.8198198e+03   1.3691038e+00   2.4764151e+00   1.9495861e+00
   3.8288288e+03   1.3694118e+00   2.4776471e+00   1.9518797e+00
   3.8378378e+03   1.3697183e+00   2.4788732e+00   1.9541707e+00
   3.8468468e+03   1.3700234e+00   2.4800937e+00   1.9564589e+00
   3.8558559e+03   1.3703271e+00   2.4813084e+00   1.9587445e+00
   3.8648649e+03   1.3706294e+00   2.4825175e+00   1.9610274e+00
   3.8738739e+03   1.3709302e+00   2.4837209e+00   1.9633077e+00
   3.8828829e+03   1.3712297e+00   2.4849188e+00   1.9655853e+00
   3.8918919e+03   1.3715278e+00   2.4861111e+00   1.9678603e+00
   3.9009009e+03   1.3718245e+00   2.4872979e+00   1.9701327e+00
   3.9099099e+03   1.3721198e+00   2.4884793e+00   1.9724024e+00
   3.9189189e+03   1.3724138e+00   2.4896552e+00   1.9746695e+00
   3.9279279e+03   1.3727064e+00   2.4908257e+00   1.9769341e+00
   3.9369369e+03   1.3729977e+00   2.4919908e+00   1.9791960e+00
   3.9459459e+03   1.3732877e+00   2.4931507e+00   1.9814554e+00
   3.9549550e+03   1.3735763e+00   2.4943052e+00   1.9837121e+00
   3.9639640e+03   1.3738636e+00   2.4954545e+00   1.9859664e+00
   3.9729730e+03   1.3741497e+00   2.4965986e+00   1.9882180e+00
   3.9819820e+03   1.3744344e+00   2.4977376e+00   1.9904671e+00
   3.9909910e+03   1.3747178e+00   2.4988713e+00   1.9927137e+00
   4.0000000e+03   1.3750000e+00   2.5000000e+00   1.9949578e+00
   4.0090090e+03   1.3752809e+00   2.5011236e+00   1.9971993e+00
   4.0180180e+03   1.3755605e+00   2.5022422e+00   1.9994383e+00
   4.0270270e+03   1.3758389e+00   2.5033557e+00   2.0016748e+00
   4.0360360e+03   1.3761161e+00   2.5044643e+00   2.0039088e+00
   4.0450450e+03   1.3763920e+00   2.5055679e+00   2.0061403e+00
   4.0540541e+03   1.3766667e+00   2.5066667e+00   2.0083694e+00
   4.0630631e+03   1.3769401e+00   2.5077605e+00   2.0105960e+00
   4.0720721e+03   1.3772124e+00   2.5088496e+00   2.0128201e+00
   4.0810811e+03   1.3774834e+00   2.5099338e+00   2.0150417e+00
   4.0900901e+03   1.3777533e+00   2.5110132e+00   2.0172609e+00
   4.0990991e+03   1.3780220e+00   2.5120879e+00   2.0194777e+00
   4.1081081e+03   1.3782895e+00   2.5131579e+00   2.0216920e+00
   4.1171171e+03   1.3785558e+00   2.5142232e+00   2.0239040e+00
   4.1261261e+03   1.3788210e+00   2.5152838e+00   2.0261135e+00
   4.1351351e+03   1.3790850e+00   2.5163399e+00   2.0283206e+00
   4.1441441e+03   1.3793478e+00   2.5173913e+00   2.0305253e+00
   4.1531532e+03   1.3796095e+00   2.5184382e+00   2.0327276e+00
   4.1621622e+03   1.3798701e+00   2.5194805e+00   2.0349275e+00
   4.1711712e+03   1.3801296e+00   2.5205184e+00   2.0371250e+00
   4.1801802e+03   1.3803879e+00   2.5215517e+00   2.0393202e+00
   4.1891892e+03   1.3806452e+00   2.5225806e+00   2.0415130e+00
   4.1981982e+03   1.3809013e+00   2.5236052e+00   2.0437035e+00
   4.2072072e+03   1.3811563e+00   2.5246253e+00   2.0458916e+00
   4.2162162e+03   1.3814103e+00   2.5256410e+00   2.0480774e+00
   4.2252252e+03   1.3816631e+00   2.5266525e+00   2.0502608e+00
   4.2342342e+03   1.3819149e+00   2.5276596e+00   2.0524420e+00
   4.2432432e+03   1.3821656e+00   2.5286624e+00   2.0546208e+00
   4.2522523e+03   1.3824153e+00   2.5296610e+00   2.0567973e+00
   4.2612613e+03   1.3826638e+00   2.5306554e+00   2.0589715e+00
   4.2702703e+03   1.3829114e+00   2.5316456e+00   2.0611434e+00
   4.2792793e+03   1.3831579e+00   2.5326316e+00   2.0633130e+00
   4.2882883e+03   1.3834034e+00   2.5336134e+00   2.0654804e+00
   4.2972973e+03   1.3836478e+00   2.5345912e+00   2.0676454e+00
   4.3063063e+03   1.3838912e+00   2.5355649e+00   2.0698083e+00
   4.3153153e+03   1.3841336e+00   2.5365344e+00   2.0719688e+00
   4.3243243e+03   1.3843750e+00   2.5375000e+00   2.0741271e+00
   4.3333333e+03   1.3846154e+00   2.5384615e+00   2.0762832e+00
   4.3423423e+03   1.3848548e+00   2.5394191e+00   2.0784370e+00
   4.3513514e+03   1.3850932e+00   2.5403727e+00   2.0805886e+00
   4.3603604e+03   1.3853306e+00   2.5413223e+00   2.0827379e+00
   4.3693694e+03   1.3855670e+00   2.5422680e+00   2.0848851e+00
   4.3783784e+03   1.3858025e+00   2.5432099e+00   2.0870300e+00
   4.3873874e+03   1.3860370e+00   2.5441478e+00   2.0891728e+00
   4.3963964e+03   1.3862705e+00   2.5450820e+00   2.0913133e+00
   4.4054054e+03   1.3865031e+00   2.5460123e+00   2.0934517e+00
   4.4144144e+03   1.3867347e+00   2.5469388e+00   2.0955879e+00
   4.4234234e+03   1.3869654e+00   2.5478615e+00   2.0977219e+00
   4.4324324e+03   1.3871951e+00   2.5487805e+00   2.0998537e+00
   4.4414414e+03   1.3874239e+00   2.5496957e+00   2.1019834e+00
   4.4504505e+03   1.3876518e+00   2.5506073e+00   2.1041109e+00
   4.4594595e+03   1.3878788e+00   2.5515152e+00   2.1062362e+00
   4.4684685e+03   1.3881048e+00   2.5524194e+00   2.1083595e+00
   4.4774775e+03   1.3883300e+00   2.5533199e+00   2.1104805e+00
   4.4864865e+03   1.3885542e+00   2.5542169e+00   2.1125995e+00
   4.4954955e+03   1.3887776e+00   2.5551102e+00   2.1147163e+00
   4.5045045e+03   1.3890000e+00   2.5560000e+00   2.1168310e+00
   4.5135135e+03   1.3892216e+00   2.5568862e+00   2.1189437e+00
   4.5225225e+03   1.3894422e+00   2.5577689e+00   2.1210542e+00
   4.5315315e+03   1.3896620e+00   2.5586481e+00   2.1231626e+00
   4.5405405e+03   1.3898810e+00   2.5595238e+00   2.1252689e+00
   4.5495495e+03   1.3900990e+00   2.5603960e+00   2.1273731e+00
   4.5585586e+03   1.3903162e+00   2.5612648e+00   2.1294752e+00
   4.5675676e+03   1.3905325e+00   2.5621302e+00   2.1315753e+00
   4.5765766e+03   1.3907480e+00   2.5629921e+00   2.1336733e+00
   4.5855856e+03   1.3909627e+00   2.5638507e+00   2.1357693e+00
   4.5945946e+03   1.3911765e+00   2.5647059e+00   2.1378632e+00
   4.6036036e+03   1.3913894e+00   2.5655577e+00   2.1399550e+00
   4.6126126e+03   1.3916016e+00   2.5664063e+00   2.1420448e+00
   4.6216216e+03   1.3918129e+00   2.5672515e+00   2.1441326e+00
   4.6306306e+03   1.3920233e+00   2.5680934e+00   2.1462183e+00
   4.6396396e+03   1.3922330e+00   2.5689320e+00   2.1483020e+00
   4.6486486e+03   1.3924419e+00   2.5697674e+00   2.1503837e+00
   4.6576577e+03   1.3926499e+00   2.5705996e+00   2.1524634e+00
   4.6666667e+03   1.3928571e+00   2.5714286e+00   2.1545410e+00
   4.6756757e+03   1.3930636e+00   2.5722543e+00   2.1566167e+00
   4.6846847e+03   1.3932692e+00   2.5730769e+00   2.1586904e+00
   4.6936937e+03   1.3934741e+00   2.5738964e+00   2.1607621e+00
   4.7027027e+03   1.3936782e+00   2.5747126e+00   2.1628317e+00
   4.7117117e+03   1.3938815e+00   2.5755258e+00   2.1648995e+00
   4.7207207e+03   1.3940840e+00   2.5763359e+00   2.1669652e+00
   4.7297297e+03   1.3942857e+00   2.5771429e+00   2.1690290e+00
   4.7387387e+03   1.3944867e+00   2.5779468e+00   2.1710908e+00
   4.7477477e+03   1.3946869e+00   2.5787476e+00   2.1731507e+00
   4.7567568e+03   1.3948864e+00   2.5795455e+00   2.1752086e+00
   4.7657658e+03   1.3950851e+00   2.5803403e+00   2.1772645e+00
   4.7747748e+03   1.3952830e+00   2.5811321e+00   2.1793186e+00
   4.7837838e+03   1.3954802e+00   2.5819209e+00   2.1813706e+00
   4.7927928e+03   1.3956767e+00   2.5827068e+00   2.1834208e+00
   4.8018018e+03   1.3958724e+00   2.5834897e+00   2.1854690e+00
   4.8108108e+03   1.3960674e+00   2.5842697e+00   2.1875154e+00
   4.8198198e+03   1.3962617e+00   2.5850467e+00   2.1895598e+00
   4.8288288e+03   1.3964552e+00   2.5858209e+00   2.1916023e+00
   4.8378378e+03   1.3966480e+00   2.5865922e+00   2.1936429e+00
   4.8468468e+03   1.3968401e+00   2.5873606e+00   2.1956816e+00
   4.8558559e+03   1.3970315e+00   2.5881262e+00   2.1977184e+00
   4.8648649e+03   1.3972222e+00   2.5888889e+00   2.1997533e+00
   4.8738739e+03   1.3974122e+00   2.5896488e+00   2.2017863e+00
   4.8828829e+03   1.3976015e+00   2.5904059e+00   2.2038175e+00
   4.8918919e+03   1.3977901e+00   2.5911602e+00   2.2058468e+00
   4.9009009e+03   1.3979779e+00   2.5919118e+00   2.2078742e+00
   4.9099099e+03   1.3981651e+00   2.5926606e+00   2.2098998e+00
   4.9189189e+03   1.3983516e+00   2.5934066e+00   2.2119235e+00
   4.9279279e+03   1.3985375e+00   2.5941499e+00   2.2139454e+00
   4.9369369e+03   1.3987226e+00   2.5948905e+00   2.2159654e+00
   4.9459459e+03   1.3989071e+00   2.5956284e+00   2.2179836e+00
   4.9549550e+03   1.3990909e+00   2.5963636e+00   2.2200000e+00
   4.9639640e+03   1.3992740e+00   2.5970962e+00   2.2220145e+00
   4.9729730e+03   1.3994565e+00   2.5978261e+00   2.2240272e+00
   4.9819820e+03   1.3996383e+00   2.5985533e+00   2.2260380e+00
   4.9909910e+03   1.3998195e+00   2.5992780e+00   2.2280471e+00
   5.0000000e+03   1.4000000e+00   2.6000000e+00   2.2300544e+00
   5.0090090e+03   1.4001799e+00   2.6007194e+00   2.2320598e+00
   5.0180180e+03   1.4003591e+00   2.6014363e+00   2.2340634e+00
   5.0270270e+03   1.4005376e+00   2.6021505e+00   2.2360653e+00
   5.0360360e+03   1.4007156e+00   2.6028623e+00   2.2380654e+00
   5.0450450e+03   1.4008929e+00   2.6035714e+00   2.2400636e+00
   5.0540541e+03   1.4010695e+00   2.6042781e+00   2.2420601e+00
   5.0630631e+03   1.4012456e+00   2.6049822e+00   2.2440548e+00
   5.0720721e+03   1.4014210e+00   2.6056838e+00   2.2460478e+00
   5.0810811e+03   1.4015957e+00   2.6063830e+00   2.2480390e+00
   5.0900901e+03   1.4017699e+00   2.6070796e+00   2.2500284e+00
   5.0990991e+03   1.4019435e+00   2.6077739e+00   2.2520160e+00
   5.1081081e+03   1.4021164e+00   2.6084656e+00   2.2540019e+00
   5.1171171e+03   1.4022887e+00   2.6091549e+00   2.2559861e+00
   5.1261261e+03   1.4024605e+00   2.6098418e+00   2.2579685e+00
   5.1351351e+03   1.4026316e+00   2.6105263e+00   2.2599492e+00
   5.1441441e+03   1.4028021e+00   2.6112084e+00   2.2619281e+00
   5.1531532e+03   1.4029720e+00   2.6118881e+00   2.2639053e+00
   5.1621622e+03   1.4031414e+00   2.6125654e+00   2.2658808e+00
   5.1711712e+03   1.4033101e+00   2.6132404e+00   2.2678546e+00
   5.1801802e+03   1.4034783e+00   2.6139130e+00   2.2698266e+00
   5.1891892e+03   1.4036458e+00   2.6145833e+00   2.2717970e+00
   5.1981982e+03   1.4038128e+00   2.6152513e+00   2.2737656e+00
   5.2072072e+03   1.4039792e+00   2.6159170e+00   2.2757325e+00
   5.2162162e+03   1.4041451e+00   2.6165803e+00   2.2776977e+00
   5.2252252e+03   1.4043103e+00   2.6172414e+00   2.2796613e+00
   5.2342342e+03   1.4044750e+00   2.6179002e+00   2.2816231e+00
   5.2432432e+03   1.4046392e+00   2.6185567e+00   2.2835833e+00
   5.2522523e+03   1.4048027e+00   2.6192110e+00   2.2855417e+00
   5.2612613e+03   1.4049658e+00   2.6198630e+00   2.2874985e+00
   5.2702703e+03   1.4051282e+00   2.6205128e+00   2.2894537e+00
   5.2792793e+03   1.4052901e+00   2.6211604e+00   2.2914071e+00
   5.2882883e+03   1.4054514e+00   2.6218058e+00   2.2933589e+00
   5.2972973e+03   1.4056122e+00   2.6224490e+00   2.2953091e+00
   5.3063063e+03   1.4057725e+00   2.6230900e+00   2.2972575e+00
   5.3153153e+03   1.4059322e+00   2.6237288e+00   2.2992044e+00
   5.3243243e+03   1.4060914e+00   2.6243655e+00   2.3011495e+00
   5.3333333e+03   1.4062500e+00   2.6250000e+00   2.3030931e+00
   5.3423423e+03   1.4064081e+00   2.6256324e+00   2.3050350e+00
   5.3513514e+03   1.4065657e+00   2.6262626e+00   2.3069752e+00
   5.3603604e+03   1.4067227e+00   2.6268908e+00   2.3089139e+00
   5.3693694e+03   1.4068792e+00   2.6275168e+00   2.3108509e+00
   5.3783784e+03   1.4070352e+00   2.6281407e+00   2.3127863e+00
   5.3873874e+03   1.4071906e+00   2.6287625e+00   2.3147200e+00
   5.3963964e+03   1.4073456e+00   2.6293823e+00   2.3166522e+00
   5.4054054e+03   1.4075000e+00   2.6300000e+00   2.3185827e+00
   5.4144144e+03   1.4076539e+00   2.6306156e+00   2.3205117e+00
   5.4234234e+03   1.4078073e+00   2.6312292e+00   2.3224390e+00
   5.4324324e+03   1.4079602e+00   2.6318408e+00   2.3243648e+00
   5.4414414e+03   1.4081126e+00   2.6324503e+00   2.3262889e+00
   5.4504505e+03   1.4082645e+00   2.6330579e+00   2.3282114e+00
   5.4594595e+03   1.4084158e+00   2.6336634e+00   2.3301324e+00
   5.4684685e+03   1.4085667e+00   2.6342669e+00   2.3320518e+00
   5.4774775e+03   1.4087171e+00   2.6348684e+00   2.3339696e+00
   5.4864865e+03   1.4088670e+00   2.6354680e+00   2.3358858e+00
   5.4954955e+03   1.4090164e+00   2.6360656e+00   2.3378005e+00
   5.5045045e+03   1.4091653e+00   2.6366612e+00   2.3397136e+00
   5.5135135e+03   1.4093137e+00   2.6372549e+00   2.3416251e+00
   5.5225225e+03   1.4094617e+00   2.6378467e+00   2.3435351e+00
   5.5315315e+03   1.4096091e+00   2.6384365e+00   2.3454435e+00
   5.5405405e+03   1.4097561e+00   2.6390244e+00   2.3473504e+00
   5.5495495e+03   1.4099026e+00   2.6396104e+00   2.3492557e+00
   5.5585586e+03   1.4100486e+00   2.6401945e+00   2.3511595e+00
   5.5675676e+03   1.4101942e+00   2.6407767e+00   2.3530617e+00
   5.5765766e+03   1.4103393e+00   2.6413570e+00   2.3549624e+00
   5.5855856e+03   1.4104839e+00   2.6419355e+00   2.3568616e+00
   5.5945946e+03   1.4106280e+00   2.6425121e+00   2.3587592e+00
   5.6036036e+03   1.4107717e+00   2.6430868e+00   2.3606553e+00
   5.6126126e+03   1.4109149e+00   2.6436597e+00   2.3625499e+00
   5.6216216e+03   1.4110577e+00   2.6442308e+00   2.3644430e+00
   5.6306306e+03   1.4112000e+00   2.6448000e+00   2.3663345e+00
   5.6396396e+03   1.4113419e+00   2.6453674e+00   2.3682246e+00
   5.6486486e+03   1.4114833e+00   2.6459330e+00   2.3701131e+00
   5.6576577e+03   1.4116242e+00   2.6464968e+00   2.3720001e+00
   5.6666667e+03   1.4117647e+00   2.6470588e+00   2.3738857e+00
   5.6756757e+03   1.4119048e+00   2.6476190e+00   2.3757697e+00
   5.6846847e+03   1.4120444e+00   2.6481775e+00   2.3776522e+00
   5.6936937e+03   1.4121835e+00   2.6487342e+00   2.3795333e+00
   5.7027027e+03   1.4123223e+00   2.6492891e+00   2.3814129e+00
   5.7117117e+03   1.4124606e+00   2.6498423e+00   2.3832909e+00
   5.7207207e+03   1.4125984e+00   2.6503937e+00   2.3851675e+00
   5.7297297e+03   1.4127358e+00   2.6509434e+00   2.3870427e+00
   5.7387387e+03   1.4128728e+00   2.6514914e+00   2.3889163e+00
   5.7477477e+03   1.4130094e+00   2.6520376e+00   2.3907885e+00
   5.7567568e+03   1.4131455e+00   2.6525822e+00   2.3926593e+00
   5.7657658e+03   1.4132812e+00   2.6531250e+00   2.3945285e+00
   5.7747748e+03   1.4134165e+00   2.6536661e+00   2.3963963e+00
   5.7837838e+03   1.4135514e+00   2.6542056e+00   2.3982627e+00
   5.7927928e+03   1.4136858e+00   2.6547434e+00   2.4001276e+00
   5.8018018e+03   1.4138199e+00   2.6552795e+00   2.4019910e+00
   5.8108108e+03   1.4139535e+00   2.6558140e+00   2.4038530e+00
   5.8198198e+03   1.4140867e+00   2.6563467e+00   2.4057136e+00
   5.8288288e+03   1.4142195e+00   2.6568779e+00   2.4075727e+00
   5.8378378e+03   1.4143519e+00   2.6574074e+00   2.4094304e+00
   5.8468468e+03   1.4144838e+00   2.6579353e+00   2.4112867e+00
   5.8558559e+03   1.4146154e+00   2.6584615e+00   2.4131415e+00
   5.8648649e+03   1.4147465e+00   2.6589862e+00   2.4149949e+00
   5.8738739e+03   1.4148773e+00   2.6595092e+00   2.4168469e+00
   5.8828829e+03   1.4150077e+00   2.6600306e+00   2.4186975e+00
   5.8918919e+03   1.4151376e+00   2.6605505e+00   2.4205467e+00
   5.9009009e+03   1.4152672e+00   2.6610687e+00   2.4223944e+00
   5.9099099e+03   1.4153963e+00   2.6615854e+00   2.4242408e+00
   5.9189189e+03   1.4155251e+00   2.6621005e+00   2.4260857e+00
   5.9279279e+03   1.4156535e+00   2.6626140e+00   2.4279292e+00
   5.9369369e+03   1.4157815e+00   2.6631259e+00   2.4297713e+00
   5.9459459e+03   1.4159091e+00   2.6636364e+00   2.4316121e+00
   5.9549550e+03   1.4160363e+00   2.6641452e+00   2.4334514e+00
   5.9639640e+03   1.4161631e+00   2.6646526e+00   2.4352894e+00
   5.9729730e+03   1.4162896e+00   2.6651584e+00   2.4371259e+00
   5.9819820e+03   1.4164157e+00   2.6656627e+00   2.4389611e+00
   5.9909910e+03   1.4165414e+00   2.6661654e+00   2.4407949e+00
   6.0000000e+03   1.4166667e+00   2.6666667e+00   2.4426274e+00
   6.0090090e+03   1.4167916e+00   2.6671664e+00   2.4444584e+00
   6.0180180e+03   1.4169162e+00   2.6676647e+00   2.4462881e+00
   6.0270270e+03   1.4170404e+00   2.6681614e+00   2.4481164e+00
   6.0360360e+03   1.4171642e+00   2.6686567e+00   2.4499434e+00
   6.0450450e+03   1.4172876e+00   2.6691505e+00   2.4517690e+00
   6.0540541e+03   1.4174107e+00   2.6696429e+00   2.4535932e+00
   6.0630631e+03   1.4175334e+00   2.6701337e+00   2.4554161e+00
   6.0720721e+03   1.4176558e+00   2.6706231e+00   2.4572376e+00
   6.0810811e+03   1.4177778e+00   2.6711111e+00   2.4590578e+00
   6.0900901e+03   1.4178994e+00   2.6715976e+00   2.4608766e+00
   6.0990991e+03   1.4180207e+00   2.6720827e+00   2.4626941e+00
   6.1081081e+03   1.4181416e+00   2.6725664e+00   2.4645102e+00
   6.1171171e+03   1.4182622e+00   2.6730486e+00   2.4663250e+00
   6.1261261e+03   1.4183824e+00   2.6735294e+00   2.4681385e+00
   6.1351351e+03   1.4185022e+00   2.6740088e+00   2.4699507e+00
   6.1441441e+03   1.4186217e+00   2.6744868e+00   2.4717615e+00
   6.1531532e+03   1.4187408e+00   2.6749634e+00   2.4735710e+00
   6.1621622e+03   1.4188596e+00   2.6754386e+00   2.4753791e+00
   6.1711712e+03   1.4189781e+00   2.6759124e+00   2.4771860e+00
   6.1801802e+03   1.4190962e+00   2.6763848e+00   2.4789915e+00
   6.1891892e+03   1.4192140e+00   2.6768559e+00   2.4807957e+00
   6.1981982e+03   1.4193314e+00   2.6773256e+00   2.4825986e+00
   6.2072072e+03   1.4194485e+00   2.6777939e+00   2.4844002e+00
   6.2162162e+03   1.4195652e+00   2.6782609e+00   2.4862005e+00
   6.2252252e+03   1.4196816e+00   2.6787265e+00   2.4879995e+00
   6.2342342e+03   1.4197977e+00   2.6791908e+00   2.4897972e+00
   6.2432432e+03   1.4199134e+00   2.6796537e+00   2.4915936e+00
   6.2522523e+03   1.4200288e+00   2.6801153e+00   2.4933887e+00
   6.2612613e+03   1.4201439e+00   2.6805755e+00   2.4951825e+00
   6.2702703e+03   1.4202586e+00   2.6810345e+00   2.4969750e+00
   6.2792793e+03   1.4203730e+00   2.6814921e+00   2.4987662e+00
   6.2882883e+03   1.4204871e+00   2.6819484e+00   2.5005562e+00
   6.2972973e+03   1.4206009e+00   2.6824034e+00   2.5023448e+00
   6.3063063e+03   1.4207143e+00   2.6828571e+00   2.5041322e+00
   6.3153153e+03   1.4208274e+00   2.6833096e+00   2.5059183e+00
   6.3243243e+03   1.4209402e+00   2.6837607e+00   2.5077032e+00
   6.3333333e+03   1.4210526e+00   2.6842105e+00   2.5094868e+00
   6.3423423e+03   1.4211648e+00   2.6846591e+00   2.5112691e+00
   6.3513514e+03   1.4212766e+00   2.6851064e+00   2.5130501e+00
   6.3603604e+03   1.4213881e+00   2.6855524e+00   2.5148299e+00
   6.3693694e+03   1.4214993e+00   2.6859972e+00   2.5166084e+00
   6.3783784e+03   1.4216102e+00   2.6864407e+00   2.5183857e+00
   6.3873874e+03   1.4217207e+00   2.6868829e+00   2.5201617e+00
   6.3963964e+03   1.4218310e+00   2.6873239e+00   2.5219364e+00
   6.4054054e+03   1.4219409e+00   2.6877637e+00   2.5237100e+00
   6.4144144e+03   1.4220506e+00   2.6882022e+00   2.5254822e+00
   6.4234234e+03   1.4221599e+00   2.6886396e+00   2.5272533e+00
   6.4324324e+03   1.4222689e+00   2.6890756e+00   2.5290230e+00
   6.4414414e+03   1.4223776e+00   2.6895105e+00   2.5307916e+00
   6.4504505e+03   1.4224860e+00   2.6899441e+00   2.5325589e+00
   6.4594595e+03   1.4225941e+00   2.6903766e+00   2.5343250e+00
   6.4684685e+03   1.4227019e+00   2.6908078e+00   2.5360898e+00
   6.4774775e+03   1.4228095e+00   2.6912378e+00   2.5378535e+00
   6.4864865e+03   1.4229167e+00   2.6916667e+00   2.5396159e+00
   6.4954955e+03   1.4230236e+00   2.6920943e+00   2.5413770e+00
   6.5045045e+03   1.4231302e+00   2.6925208e+00   2.5431370e+00
   6.5135135e+03   1.4232365e+00   2.6929461e+00   2.5448957e+00
   6.5225225e+03   1.4233425e+00   2.6933702e+00   2.5466532e+00
   6.5315315e+03   1.4234483e+00   2.6937931e+00   2.5484096e+00
   6.5405405e+03   1.4235537e+00   2.6942149e+00   2.5501647e+00
   6.5495495e+03   1.4236589e+00   2.6946355e+00   2.5519186e+00
   6.5585586e+03   1.4237637e+00   2.6950549e+00   2.5536713e+00
   6.5675676e+03   1.4238683e+00   2.6954733e+00   2.5554227e+00
   6.5765766e+03   1.4239726e+00   2.6958904e+00   2.5571730e+00
   6.5855856e+03   1.4240766e+00   2.6963064e+00   2.5589221e+00
   6.5945946e+03   1.4241803e+00   2.6967213e+00   2.5606700e+00
   6.6036036e+03   1.4242838e+00   2.6971351e+00   2.5624167e+00
   6.6126126e+03   1.4243869e+00   2.6975477e+00   2.5641622e+00
   6.6216216e+03   1.4244898e+00   2.6979592e+00   2.5659066e+00
   6.6306306e+03   1.4245924e+00   2.6983696e+00   2.5676497e+00
   6.6396396e+03   1.4246947e+00   2.6987788e+00   2.5693917e+00
   6.6486486e+03   1.4247967e+00   2.6991870e+00   2.5711325e+00
   6.6576577e+03   1.4248985e+00   2.6995940e+00   2.5728721e+00
   6.6666667e+03   1.4250000e+00   2.7000000e+00   2.5746105e+00
   6.6756757e+03   1.4251012e+00   2.7004049e+00   2.5763477e+00
   6.6846847e+03   1.4252022e+00   2.7008086e+00   2.5780838e+00
   6.6936937e+03   1.4253028e+00   2.7012113e+00   2.5798187e+00
   6.7027027e+03   1.4254032e+00   2.7016129e+00   2.5815525e+00
   6.7117117e+03   1.4255034e+00   2.7020134e+00   2.5832851e+00
   6.7207207e+03   1.4256032e+00   2.7024129e+00   2.5850165e+00
   6.7297297e+03   1.4257028e+00   2.7028112e+00   2.5867468e+00
   6.7387387e+03   1.4258021e+00   2.7032086e+00   2.5884759e+00
   6.7477477e+03   1.4259012e+00   2.7036048e+00   2.5902038e+00
   6.7567568e+03   1.4260000e+00   2.7040000e+00   2.5919306e+00
   6.7657658e+03   1.4260985e+00   2.7043941e+00   2.5936563e+00
   6.7747748e+03   1.4261968e+00   2.7047872e+00   2.5953808e+00
   6.7837838e+03   1.4262948e+00   2.7051793e+00   2.5971041e+00
   6.7927928e+03   1.4263926e+00   2.7055703e+00   2.5988264e+00
   6.8018018e+03   1.4264901e+00   2.7059603e+00   2.6005474e+00
   6.8108108e+03   1.4265873e+00   2.7063492e+00   2.6022674e+00
   6.8198198e+03   1.4266843e+00   2.7067371e+00   2.6039862e+00
   6.8288288e+03   1.4267810e+00   2.7071240e+00   2.6057038e+00
   6.8378378e+03   1.4268775e+00   2.7075099e+00   2.6074204e+00
   6.8468468e+03   1.4269737e+00   2.7078947e+00   2.6091358e+00
   6.8558559e+03   1.4270696e+00   2.7082786e+00   2.6108501e+00
   6.8648649e+03   1.4271654e+00   2.7086614e+00   2.6125632e+00
   6.8738739e+03   1.4272608e+00   2.7090433e+00   2.6142753e+00
   6.8828829e+03   1.4273560e+00   2.7094241e+00   2.6159862e+00
   6.8918919e+03   1.4274510e+00   2.7098039e+00   2.6176960e+00
   6.9009009e+03   1.4275457e+00   2.7101828e+00   2.6194047e+00
   6.9099099e+03   1.4276402e+00   2.7105606e+00   2.6211122e+00
   6.9189189e+03   1.4277344e+00   2.7109375e+00   2.6228187e+00
   6.9279279e+03   1.4278283e+00   2.7113134e+00   2.6245240e+00
   6.9369369e+03   1.4279221e+00   2.7116883e+00   2.6262283e+00
   6.9459459e+03   1.4280156e+00   2.7120623e+00   2.6279314e+00
   6.9549550e+03   1.4281088e+00   2.7124352e+00   2.6296334e+00
   6.9639640e+03   1.4282018e+00   2.7128072e+00   2.6313343e+00
   6.9729730e+03   1.4282946e+00   2.7131783e+00   2.6330342e+00
   6.9819820e+03   1.4283871e+00   2.7135484e+00   2.6347329e+00
   6.9909910e+03   1.4284794e+00   2.7139175e+00   2.6364305e+00
   7.0000000e+03   1.4285714e+00   2.7142857e+00   2.6381271e+00
   7.0090090e+03   1.4286632e+00   2.7146530e+00   2.6398225e+00
   7.0180180e+03   1.4287548e+00   2.7150193e+00   2.6415169e+00
   7.0270270e+03   1.4288462e+00   2.7153846e+00   2.6432102e+00
   7.0360360e+03   1.4289373e+00   2.7157490e+00   2.6449024e+00
   7.0450450e+03   1.4290281e+00   2.7161125e+00   2.6465935e+00
   7.0540541e+03   1.4291188e+00   2.7164751e+00   2.6482835e+00
   7.0630631e+03   1.4292092e+00   2.7168367e+00   2.6499725e+00
   7.0720721e+03   1.4292994e+00   2.7171975e+00   2.6516604e+00
   7.0810811e+03   1.4293893e+00   2.7175573e+00   2.6533472e+00
   7.0900901e+03   1.4294790e+00   2.7179161e+00   2.6550329e+00
   7.0990991e+03   1.4295685e+00   2.7182741e+00   2.6567176e+00
   7.1081081e+03   1.4296578e+00   2.7186312e+00   2.6584012e+00
   7.1171171e+03   1.4297468e+00   2.7189873e+00   2.6600837e+00
   7.1261261e+03   1.4298357e+00   2.7193426e+00   2.6617652e+00
   7.1351351e+03   1.4299242e+00   2.7196970e+00   2.6634456e+00
   7.1441441e+03   1.4300126e+00   2.7200504e+00   2.6651249e+00
   7.1531532e+03   1.4301008e+00   2.7204030e+00   2.6668032e+00
   7.1621622e+03   1.4301887e+00   2.7207547e+00   2.6684804e+00
   7.1711712e+03   1.4302764e+00   2.7211055e+00   2.6701566e+00
   7.1801802e+03   1.4303639e+00   2.7214555e+00   2.6718318e+00
   7.1891892e+03   1.4304511e+00   2.7218045e+00   2.6735058e+00
   7.1981982e+03   1.4305382e+00   2.7221527e+00   2.6751789e+00
   7.2072072e+03   1.4306250e+00   2.7225000e+00   2.6768509e+00
   7.2162162e+03   1.4307116e+00   2.7228464e+00   2.6785218e+00
   7.2252252e+03   1.4307980e+00   2.7231920e+00   2.6801917e+00
   7.2342342e+03   1.4308842e+00   2.7235367e+00   2.6818606e+00
   7.2432432e+03   1.4309701e+00   2.7238806e+00   2.6835284e+00
   7.2522523e+03   1.4310559e+00   2.7242236e+00   2.6851952e+00
   7.2612613e+03   1.4311414e+00   2.7245658e+00   2.6868609e+00
   7.2702703e+03   1.4312268e+00   2.7249071e+00   2.6885257e+00
   7.2792793e+03   1.4313119e+00   2.7252475e+00   2.6901893e+00
   7.2882883e+03   1.4313968e+00   2.7255871e+00   2.6918520e+00
   7.2972973e+03   1.4314815e+00   2.7259259e+00   2.6935136e+00
   7.3063063e+03   1.4315660e+00   2.7262639e+00   2.6951743e+00
   7.3153153e+03   1.4316502e+00   2.7266010e+00   2.6968338e+00
   7.3243243e+03   1.4317343e+00   2.7269373e+00   2.6984924e+00
   7.3333333e+03   1.4318182e+00   2.7272727e+00   2.7001500e+00
   7.3423423e+03   1.4319018e+00   2.7276074e+00   2.7018065e+00
   7.3513514e+03   1.4319853e+00   2.7279412e+00   2.7034620e+00
   7.3603604e+03   1.4320685e+00   2.7282742e+00   2.7051165e+00
   7.3693694e+03   1.4321516e+00   2.7286064e+00   2.7067700e+00
   7.3783784e+03   1.4322344e+00   2.7289377e+00   2.7084225e+00
   7.3873874e+03   1.4323171e+00   2.7292683e+00   2.7100740e+00
   7.3963964e+03   1.4323995e+00   2.7295981e+00   2.7117245e+00
   7.4054054e+03   1.4324818e+00   2.7299270e+00   2.7133739e+00
   7.4144144e+03   1.4325638e+00   2.7302552e+00   2.7150224e+00
   7.4234234e+03   1.4326456e+00   2.7305825e+00   2.7166698e+00
   7.4324324e+03   1.4327273e+00   2.7309091e+00   2.7183163e+00
   7.4414414e+03   1.4328087e+00   2.7312349e+00   2.7199618e+00
   7.4504505e+03   1.4328900e+00   2.7315599e+00   2.7216063e+00
   7.4594595e+03   1.4329710e+00   2.7318841e+00   2.7232497e+00
   7.4684685e+03   1.4330519e+00   2.7322075e+00   2.7248922e+00
   7.4774775e+03   1.4331325e+00   2.7325301e+00   2.7265337e+00
   7.4864865e+03   1.4332130e+00   2.7328520e+00   2.7281742e+00
   7.4954955e+03   1.4332933e+00   2.7331731e+00   2.7298138e+00
   7.5045045e+03   1.4333733e+00   2.7334934e+00   2.7314523e+00
   7.5135135e+03   1.4334532e+00   2.7338129e+00   2.7330899e+00
   7.5225225e+03   1.4335329e+00   2.7341317e+00   2.7347265e+00
   7.5315315e+03   1.4336124e+00   2.7344498e+00   2.7363621e+00
   7.5405405e+03   1.4336918e+00   2.7347670e+00   2.7379967e+00
   7.5495495e+03   1.4337709e+00   2.7350835e+00   2.7396303e+00
   7.5585586e+03   1.4338498e+00   2.7353993e+00   2.7412630e+00
   7.5675676e+03   1.4339286e+00   2.7357143e+00   2.7428947e+00
   7.5765766e+03   1.4340071e+00   2.7360285e+00   2.7445255e+00
   7.5855856e+03   1.4340855e+00   2.7363420e+00   2.7461552e+00
   7.5945946e+03   1.4341637e+00   2.7366548e+00   2.7477840e+00
   7.6036036e+03   1.4342417e+00   2.7369668e+00   2.7494119e+00
   7.6126126e+03   1.4343195e+00   2.7372781e+00   2.7510387e+00
   7.6216216e+03   1.4343972e+00   2.7375887e+00   2.7526646e+00
   7.6306306e+03   1.4344746e+00   2.7378985e+00   2.7542896e+00
   7.6396396e+03   1.4345519e+00   2.7382075e+00   2.7559136e+00
   7.6486486e+03   1.4346290e+00   2.7385159e+00   2.7575366e+00
   7.6576577e+03   1.4347059e+00   2.7388235e+00   2.7591587e+00
   7.6666667e+03   1.4347826e+00   2.7391304e+00   2.7607798e+00
   7.6756757e+03   1.4348592e+00   2.7394366e+00   2.7624000e+00
   7.6846847e+03   1.4349355e+00   2.7397421e+00   2.7640192e+00
   7.6936937e+03   1.4350117e+00   2.7400468e+00   2.7656375e+00
   7.7027027e+03   1.4350877e+00   2.7403509e+00   2.7672548e+00
   7.7117117e+03   1.4351636e+00   2.7406542e+00   2.7688712e+00
   7.7207207e+03   1.4352392e+00   2.7409568e+00   2.7704867e+00
   7.7297297e+03   1.4353147e+00   2.7412587e+00   2.7721012e+00
   7.7387387e+03   1.4353900e+00   2.7415600e+00   2.7737147e+00
   7.7477477e+03   1.4354651e+00   2.7418605e+00   2.7753274e+00
   7.7567568e+03   1.4355401e+00   2.7421603e+00   2.7769390e+00
   7.7657658e+03   1.4356148e+00   2.7424594e+00   2.7785498e+00
   7.7747748e+03   1.4356895e+00   2.7427578e+00   2.7801596e+00
   7.7837838e+03   1.4357639e+00   2.7430556e+00   2.7817685e+00
   7.7927928e+03   1.4358382e+00   2.7433526e+00   2.7833765e+00
   7.8018018e+03   1.4359122e+00   2.7436490e+00   2.7849835e+00
   7.8108108e+03   1.4359862e+00   2.7439446e+00   2.7865896e+00
   7.8198198e+03   1.4360599e+00   2.7442396e+00   2.7881948e+00
   7.8288288e+03   1.4361335e+00   2.7445339e+00   2.7897990e+00
   7.8378378e+03   1.4362069e+00   2.7448276e+00   2.7914024e+00
   7.8468468e+03   1.4362801e+00   2.7451206e+00   2.7930048e+00
   7.8558559e+03   1.4363532e+00   2.7454128e+00   2.7946063e+00
   7.8648649e+03   1.4364261e+00   2.7457045e+00   2.7962068e+00
   7.8738739e+03   1.4364989e+00   2.7459954e+00   2.7978065e+00
   7.8828829e+03   1.4365714e+00   2.7462857e+00   2.7994052e+00
   7.8918919e+03   1.4366438e+00   2.7465753e+00   2.8010031e+00
   7.9009009e+03   1.4367161e+00   2.7468643e+00   2.8026000e+00
   7.9099099e+03   1.4367882e+00   2.7471526e+00   2.8041960e+00
   7.9189189e+03   1.4368601e+00   2.7474403e+00   2.8057911e+00
   7.9279279e+03   1.4369318e+00   2.7477273e+00   2.8073853e+00
   7.9369369e+03   1.4370034e+00   2.7480136e+00   2.8089786e+00
   7.9459459e+03   1.4370748e+00   2.7482993e+00   2.8105710e+00
   7.9549550e+03   1.4371461e+00   2.7485844e+00   2.8121625e+00
   7.9639640e+03   1.4372172e+00   2.7488688e+00   2.8137531e+00
   7.9729730e+03   1.4372881e+00   2.7491525e+00   2.8153428e+00
   7.9819820e+03   1.4373589e+00   2.7494357e+00   2.8169316e+00
   7.9909910e+03   1.4374295e+00   2.7497182e+00   2.8185195e+00
   8.0000000e+03   1.4375000e+00   2.7500000e+00   2.8201065e+00
   8.0090090e+03   1.4375703e+00   2.7502812e+00   2.8216926e+00
   8.0180180e+03   1.4376404e+00   2.7505618e+00   2.8232778e+00
   8.0270270e+03   1.4377104e+00   2.7508418e+00   2.8248621e+00
   8.0360360e+03   1.4377803e+00   2.7511211e+00   2.8264456e+00
   8.0450450e+03   1.4378499e+00   2.7513998e+00   2.8280281e+00
   8.0540541e+03   1.4379195e+00   2.7516779e+00   2.8296098e+00
   8.0630631e+03   1.4379888e+00   2.7519553e+00   2.8311906e+00
   8.0720721e+03   1.4380580e+00   2.7522321e+00   2.8327705e+00
   8.0810811e+03   1.4381271e+00   2.7525084e+00   2.8343495e+00
   8.0900901e+03   1.4381960e+00   2.7527840e+00   2.8359277e+00
   8.0990991e+03   1.4382647e+00   2.7530590e+00   2.8375049e+00
   8.1081081e+03   1.4383333e+00   2.7533333e+00   2.8390813e+00
   8.1171171e+03   1.4384018e+00   2.7536071e+00   2.8406569e+00
   8.1261261e+03   1.4384701e+00   2.7538803e+00   2.8422315e+00
   8.1351351e+03   1.4385382e+00   2.7541528e+00   2.8438053e+00
   8.1441441e+03   1.4386062e+00   2.7544248e+00   2.8453782e+00
   8.1531532e+03   1.4386740e+00   2.7546961e+00   2.8469502e+00
   8.1621622e+03   1.4387417e+00   2.7549669e+00   2.8485214e+00
   8.1711712e+03   1.4388093e+00   2.7552370e+00   2.8500917e+00
   8.1801802e+03   1.4388767e+00   2.7555066e+00   2.8516611e+00
   8.1891892e+03   1.4389439e+00   2.7557756e+00   2.8532297e+00
   8.1981982e+03   1.4390110e+00   2.7560440e+00   2.8547974e+00
   8.2072072e+03   1.4390779e+00   2.7563117e+00   2.8563642e+00
   8.2162162e+03   1.4391447e+00   2.7565789e+00   2.8579302e+00
   8.2252252e+03   1.4392114e+00   2.7568456e+00   2.8594953e+00
   8.2342342e+03   1.4392779e+00   2.7571116e+00   2.8610596e+00
   8.2432432e+03   1.4393443e+00   2.7573770e+00   2.8626230e+00
   8.2522523e+03   1.4394105e+00   2.7576419e+00   2.8641856e+00
   8.2612613e+03   1.4394766e+00   2.7579062e+00   2.8657473e+00
   8.2702703e+03   1.4395425e+00   2.7581699e+00   2.8673082e+00
   8.2792793e+03   1.4396083e+00   2.7584331e+00   2.8688682e+00
   8.2882883e+03   1.4396739e+00   2.7586957e+00   2.8704274e+00
   8.2972973e+03   1.4397394e+00   2.7589577e+00   2.8719857e+00
   8.3063063e+03   1.4398048e+00   2.7592191e+00   2.8735432e+00
   8.3153153e+03   1.4398700e+00   2.7594800e+00   2.8750998e+00
   8.3243243e+03   1.4399351e+00   2.7597403e+00   2.8766556e+00
   8.3333333e+03   1.4400000e+00   2.7600000e+00   2.8782105e+00
   8.3423423e+03   1.4400648e+00   2.7602592e+00   2.8797646e+00
   8.3513514e+03   1.4401294e+00   2.7605178e+00   2.8813179e+00
   8.3603604e+03   1.4401940e+00   2.7607759e+00   2.8828704e+00
   8.3693694e+03   1.4402583e+00   2.7610334e+00   2.8844220e+00
   8.3783784e+03   1.4403226e+00   2.7612903e+00   2.8859727e+00
   8.3873874e+03   1.4403867e+00   2.7615467e+00   2.8875226e+00
   8.3963964e+03   1.4404506e+00   2.7618026e+00   2.8890717e+00
   8.4054054e+03   1.4405145e+00   2.7620579e+00   2.8906200e+00
   8.4144144e+03   1.4405782e+00   2.7623126e+00   2.8921675e+00
   8.4234234e+03   1.4406417e+00   2.7625668e+00   2.8937141e+00
   8.4324324e+03   1.4407051e+00   2.7628205e+00   2.8952599e+00
   8.4414414e+03   1.4407684e+00   2.7630736e+00   2.8968048e+00
   8.4504505e+03   1.4408316e+00   2.7633262e+00   2.8983490e+00
   8.4594595e+03   1.4408946e+00   2.7635783e+00   2.8998923e+00
   8.4684685e+03   1.4409574e+00   2.7638298e+00   2.9014348e+00
   8.4774775e+03   1.4410202e+00   2.7640808e+00   2.9029765e+00
   8.4864865e+03   1.4410828e+00   2.7643312e+00   2.9045173e+00
   8.4954955e+03   1.4411453e+00   2.7645811e+00   2.9060573e+00
   8.5045045e+03   1.4412076e+00   2.7648305e+00   2.9075966e+00
   8.5135135e+03   1.4412698e+00   2.7650794e+00   2.9091350e+00
   8.5225225e+03   1.4413319e+00   2.7653277e+00   2.9106726e+00
   8.5315315e+03   1.4413939e+00   2.7655755e+00   2.9122094e+00
   8.5405405e+03   1.4414557e+00   2.7658228e+00   2.9137453e+00
   8.5495495e+03   1.4415174e+00   2.7660695e+00   2.9152805e+00
   8.5585586e+03   1.4415789e+00   2.7663158e+00   2.9168149e+00
   8.5675676e+03   1.4416404e+00   2.7665615e+00   2.9183484e+00
   8.5765766e+03   1.4417017e+00   2.7668067e+00   2.9198812e+00
   8.5855856e+03   1.4417629e+00   2.7670514e+00   2.9214131e+00
   8.5945946e+03   1.4418239e+00   2.7672956e+00   2.9229442e+00
   8.6036036e+03   1.4418848e+00   2.7675393e+00   2.9244746e+00
   8.6126126e+03   1.4419456e+00   2.7677824e+00   2.9260041e+00
   8.6216216e+03   1.4420063e+00   2.7680251e+00   2.9275329e+00
   8.6306306e+03   1.4420668e+00   2.7682672e+00   2.9290608e+00
   8.6396396e+03   1.4421272e+00   2.7685089e+00   2.9305879e+00
   8.6486486e+03   1.4421875e+00   2.7687500e+00   2.9321143e+00
   8.6576577e+03   1.4422477e+00   2.7689906e+00   2.9336398e+00
   8.6666667e+03   1.4423077e+00   2.7692308e+00   2.9351646e+00
   8.6756757e+03   1.4423676e+00   2.7694704e+00   2.9366886e+00
   8.6846847e+03   1.4424274e+00   2.7697095e+00   2.9382118e+00
   8.6936937e+03   1.4424870e+00   2.7699482e+00   2.9397341e+00
   8.7027027e+03   1.4425466e+00   2.7701863e+00   2.9412557e+00
   8.7117117e+03   1.4426060e+00   2.7704240e+00   2.9427766e+00
   8.7207207e+03   1.4426653e+00   2.7706612e+00   2.9442966e+00
   8.7297297e+03   1.4427245e+00   2.7708978e+00   2.9458158e+00
   8.7387387e+03   1.4427835e+00   2.7711340e+00   2.9473343e+00
   8.7477477e+03   1.4428424e+00   2.7713697e+00   2.9488520e+00
   8.7567568e+03   1.4429012e+00   2.7716049e+00   2.9503689e+00
   8.7657658e+03   1.4429599e+00   2.7718397e+00   2.9518850e+00
   8.7747748e+03   1.4430185e+00   2.7720739e+00   2.9534003e+00
   8.7837838e+03   1.4430769e+00   2.7723077e+00   2.9549149e+00
   8.7927928e+03   1.4431352e+00   2.7725410e+00   2.9564287e+00
   8.8018018e+03   1.4431934e+00   2.7727738e+00   2.9579417e+00
   8.8108108e+03   1.4432515e+00   2.7730061e+00   2.9594539e+00
   8.8198198e+03   1.4433095e+00   2.7732380e+00   2.9609654e+00
   8.8288288e+03   1.4433673e+00   2.7734694e+00   2.9624761e+00
   8.8378378e+03   1.4434251e+00   2.7737003e+00   2.9639860e+00
   8.8468468e+03   1.4434827e+00   2.7739308e+00   2.9654952e+00
   8.8558559e+03   1.4435402e+00   2.7741607e+00   2.9670036e+00
   8.8648649e+03   1.4435976e+00   2.7743902e+00   2.9685112e+00
   8.8738739e+03   1.4436548e+00   2.7746193e+00   2.9700181e+00
   8.8828829e+03   1.4437120e+00   2.7748479e+00   2.9715242e+00
   8.8918919e+03   1.4437690e+00   2.7750760e+00   2.9730295e+00
   8.9009009e+03   1.4438259e+00   2.7753036e+00   2.9745341e+00
   8.9099099e+03   1.4438827e+00   2.7755308e+00   2.9760379e+00
   8.9189189e+03   1.4439394e+00   2.7757576e+00   2.9775409e+00
   8.9279279e+03   1.4439960e+00   2.7759839e+00   2.9790432e+00
   8.9369369e+03   1.4440524e+00   2.7762097e+00   2.9805447e+00
   8.9459459e+03   1.4441088e+00   2.7764350e+00   2.9820455e+00
   8.9549550e+03   1.4441650e+00   2.7766600e+00   2.9835455e+00
   8.9639640e+03   1.4442211e+00   2.7768844e+00   2.9850448e+00
   8.9729730e+03   1.4442771e+00   2.7771084e+00   2.9865433e+00
   8.9819820e+03   1.4443330e+00   2.7773320e+00   2.9880411e+00
   8.9909910e+03   1.4443888e+00   2.7775551e+00   2.9895381e+00
   9.0000000e+03   1.4444444e+00   2.7777778e+00   2.9910344e+00
   9.0090090e+03   1.4445000e+00   2.7780000e+00   2.9925299e+00
   9.0180180e+03   1.4445554e+00   2.7782218e+00   2.9940247e+00
   9.0270270e+03   1.4446108e+00   2.7784431e+00   2.9955187e+00
   9.0360360e+03   1.4446660e+00   2.7786640e+00   2.9970120e+00
   9.0450450e+03   1.4447211e+00   2.7788845e+00   2.9985045e+00
   9.0540541e+03   1.4447761e+00   2.7791045e+00   2.9999963e+00
   9.0630631e+03   1.4448310e+00   2.7793241e+00   3.0014873e+00
   9.0720721e+03   1.4448858e+00   2.7795432e+00   3.0029777e+00
   9.0810811e+03   1.4449405e+00   2.7797619e+00   3.0044672e+00
   9.0900901e+03   1.4449950e+00   2.7799802e+00   3.0059561e+00
   9.0990991e+03   1.4450495e+00   2.7801980e+00   3.0074442e+00
   9.1081081e+03   1.4451039e+00   2.7804154e+00   3.0089315e+00
   9.1171171e+03   1.4451581e+00   2.7806324e+00   3.0104181e+00
   9.1261261e+03   1.4452122e+00   2.7808490e+00   3.0119040e+00
   9.1351351e+03   1.4452663e+00   2.7810651e+00   3.0133892e+00
   9.1441441e+03   1.4453202e+00   2.7812808e+00   3.0148736e+00
   9.1531532e+03   1.4453740e+00   2.7814961e+00   3.0163573e+00
   9.1621622e+03   1.4454277e+00   2.7817109e+00   3.0178403e+00
   9.1711712e+03   1.4454813e+00   2.7819253e+00   3.0193225e+00
   9.1801802e+03   1.4455348e+00   2.7821394e+00   3.0208040e+00
   9.1891892e+03   1.4455882e+00   2.7823529e+00   3.0222848e+00
   9.1981982e+03   1.4456415e+00   2.7825661e+00   3.0237649e+00
   9.2072072e+03   1.4456947e+00   2.7827789e+00   3.0252442e+00
   9.2162162e+03   1.4457478e+00   2.7829912e+00   3.0267228e+00
   9.2252252e+03   1.4458008e+00   2.7832031e+00   3.0282007e+00
   9.2342342e+03   1.4458537e+00   2.7834146e+00   3.0296779e+00
   9.2432432e+03   1.4459064e+00   2.7836257e+00   3.0311544e+00
   9.2522523e+03   1.4459591e+00   2.7838364e+00   3.0326301e+00
   9.2612613e+03   1.4460117e+00   2.7840467e+00   3.0341051e+00
   9.2702703e+03   1.4460641e+00   2.7842566e+00   3.0355794e+00
   9.2792793e+03   1.4461165e+00   2.7844660e+00   3.0370530e+00
   9.2882883e+03   1.4461688e+00   2.7846751e+00   3.0385259e+00
   9.2972973e+03   1.4462209e+00   2.7848837e+00   3.0399980e+00
   9.3063063e+03   1.4462730e+00   2.7850920e+00   3.0414694e+00
   9.3153153e+03   1.4463250e+00   2.7852998e+00   3.0429402e+00
   9.3243243e+03   1.4463768e+00   2.7855072e+00   3.0444102e+00
   9.3333333e+03   1.4464286e+00   2.7857143e+00   3.0458795e+00
   9.3423423e+03   1.4464802e+00   2.7859209e+00   3.0473481e+00
   9.3513514e+03   1.4465318e+00   2.7861272e+00   3.0488160e+00
   9.3603604e+03   1.4465833e+00   2.7863330e+00   3.0502832e+00
   9.3693694e+03   1.4466346e+00   2.7865385e+00   3.0517497e+00
   9.3783784e+03   1.4466859e+00   2.7867435e+00   3.0532155e+00
   9.3873874e+03   1.4467370e+00   2.7869482e+00   3.0546805e+00
   9.3963964e+03   1.4467881e+00   2.7871524e+00   3.0561449e+00
   9.4054054e+03   1.4468391e+00   2.7873563e+00   3.0576086e+00
   9.4144144e+03   1.4468900e+00   2.7875598e+00   3.0590715e+00
   9.4234234e+03   1.4469407e+00   2.7877629e+00   3.0605338e+00
   9.4324324e+03   1.4469914e+00   2.7879656e+00   3.0619954e+00
   9.4414414e+03   1.4470420e+00   2.7881679e+00   3.0634563e+00
   9.4504505e+03   1.4470925e+00   2.7883699e+00   3.0649164e+00
   9.4594595e+03   1.4471429e+00   2.7885714e+00   3.0663759e+00
   9.4684685e+03   1.4471931e+00   2.7887726e+00   3.0678347e+00
   9.4774775e+03   1.4472433e+00   2.7889734e+00   3.0692928e+00
   9.4864865e+03   1.4472934e+00   2.7891738e+00   3.0707502e+00
   9.4954955e+03   1.4473435e+00   2.7893738e+00   3.0722069e+00
   9.5045045e+03   1.4473934e+00   2.7895735e+00   3.0736629e+00
   9.5135135e+03   1.4474432e+00   2.7897727e+00   3.0751183e+00
   9.5225225e+03   1.4474929e+00   2.7899716e+00   3.0765729e+00
   9.5315315e+03   1.4475425e+00   2.7901701e+00   3.0780269e+00
   9.5405405e+03   1.4475921e+00   2.7903683e+00   3.0794802e+00
   9.5495495e+03   1.4476415e+00   2.7905660e+00   3.0809327e+00
   9.5585586e+03   1.4476909e+00   2.7907634e+00   3.0823846e+00
   9.5675676e+03   1.4477401e+00   2.7909605e+00   3.0838359e+00
   9.5765766e+03   1.4477893e+00   2.7911571e+00   3.0852864e+00
   9.5855856e+03   1.4478383e+00   2.7913534e+00   3.0867362e+00
   9.5945946e+03   1.4478873e+00   2.7915493e+00   3.0881854e+00
   9.6036036e+03   1.4479362e+00   2.7917448e+00   3.0896339e+00
   9.6126126e+03   1.4479850e+00   2.7919400e+00   3.0910817e+00
   9.6216216e+03   1.4480337e+00   2.7921348e+00   3.0925289e+00
   9.6306306e+03   1.4480823e+00   2.7923293e+00   3.0939753e+00
   9.6396396e+03   1.4481308e+00   2.7925234e+00   3.0954211e+00
   9.6486486e+03   1.4481793e+00   2.7927171e+00   3.0968662e+00
   9.6576577e+03   1.4482276e+00   2.7929104e+00   3.0983106e+00
   9.6666667e+03   1.4482759e+00   2.7931034e+00   3.0997544e+00
   9.6756757e+03   1.4483240e+00   2.7932961e+00   3.1011975e+00
   9.6846847e+03   1.4483721e+00   2.7934884e+00   3.1026399e+00
   9.6936937e+03   1.4484201e+00   2.7936803e+00   3.1040817e+00
   9.7027027e+03   1.4484680e+00   2.7938719e+00   3.1055227e+00
   9.7117117e+03   1.4485158e+00   2.7940631e+00   3.1069631e+00
   9.7207207e+03   1.4485635e+00   2.7942539e+00   3.1084029e+00
   9.7297297e+03   1.4486111e+00   2.7944444e+00   3.1098420e+00
   9.7387387e+03   1.4486586e+00   2.7946346e+00   3.1112804e+00
   9.7477477e+03   1.4487061e+00   2.7948244e+00   3.1127181e+00
   9.7567568e+03   1.4487535e+00   2.7950139e+00   3.1141552e+00
   9.7657658e+03   1.4488007e+00   2.7952030e+00   3.1155916e+00
   9.7747748e+03   1.4488479e+00   2.7953917e+00   3.1170274e+00
   9.7837838e+03   1.4488950e+00   2.7955801e+00   3.1184625e+00
   9.7927928e+03   1.4489420e+00   2.7957682e+00   3.1198969e+00
   9.8018018e+03   1.4489890e+00   2.7959559e+00   3.1213307e+00
   9.8108108e+03   1.4490358e+00   2.7961433e+00   3.1227638e+00
   9.8198198e+03   1.4490826e+00   2.7963303e+00   3.1241963e+00
   9.8288288e+03   1.4491292e+00   2.7965170e+00   3.1256281e+00
   9.8378378e+03   1.4491758e+00   2.7967033e+00   3.1270592e+00
   9.8468468e+03   1.4492223e+00   2.7968893e+00   3.1284897e+00
   9.8558559e+03   1.4492687e+00   2.7970750e+00   3.1299195e+00
   9.8648649e+03   1.4493151e+00   2.7972603e+00   3.1313487e+00
   9.8738739e+03   1.4493613e+00   2.7974453e+00   3.1327773e+00
   9.8828829e+03   1.4494075e+00   2.7976299e+00   3.1342051e+00
   9.8918919e+03   1.4494536e+00   2.7978142e+00   3.1356324e+00
   9.9009009e+03   1.4494995e+00   2.7979982e+00   3.1370590e+00
   9.9099099e+03   1.4495455e+00   2.7981818e+00   3.1384849e+00
   9.9189189e+03   1.4495913e+00   2.7983651e+00   3.1399102e+00
   9.9279279e+03   1.4496370e+00   2.7985481e+00   3.1413348e+00
   9.9369369e+03   1.4496827e+00   2.7987307e+00   3.1427588e+00
   9.9459459e+03   1.4497283e+00   2.7989130e+00   3.1441822e+00
   9.9549550e+03   1.4497738e+00   2.7990950e+00   3.1456049e+00
   9.9639640e+03   1.4498192e+00   2.7992767e+00   3.1470269e+00
   9.9729730e+03   1.4498645e+00   2.7994580e+00   3.1484484e+00
   9.9819820e+03   1.4499097e+00   2.7996390e+00   3.1498691e+00
   9.9909910e+03   1.4499549e+00   2.7998197e+00   3.1512893e+00
   1.0000000e+04   1.4500000e+00   2.8000000e+00   3.1527088e+00
