Y	1div10	1	10
   1.0000000e+00	   1.0145950e+00	   1.1208881e+00	   1.6063679e+00	
   1.0115911e+00	   1.0181089e+00	   1.1247701e+00	   1.6119313e+00	
   1.0233166e+00	   1.0216349e+00	   1.1286655e+00	   1.6175139e+00	
   1.0351780e+00	   1.0251732e+00	   1.1325745e+00	   1.6231159e+00	
   1.0471768e+00	   1.0287237e+00	   1.1364969e+00	   1.6287373e+00	
   1.0593148e+00	   1.0322865e+00	   1.1404330e+00	   1.6343781e+00	
   1.0715934e+00	   1.0358616e+00	   1.1443827e+00	   1.6400385e+00	
   1.0840144e+00	   1.0394491e+00	   1.1483460e+00	   1.6457185e+00	
   1.0965793e+00	   1.0430491e+00	   1.1523231e+00	   1.6514181e+00	
   1.1092899e+00	   1.0466615e+00	   1.1563140e+00	   1.6571375e+00	
   1.1221478e+00	   1.0502864e+00	   1.1603187e+00	   1.6628767e+00	
   1.1351547e+00	   1.0539239e+00	   1.1643372e+00	   1.6686358e+00	
   1.1483124e+00	   1.0575740e+00	   1.1683697e+00	   1.6744148e+00	
   1.1616226e+00	   1.0612367e+00	   1.1724161e+00	   1.6802138e+00	
   1.1750871e+00	   1.0649121e+00	   1.1764766e+00	   1.6860329e+00	
   1.1887077e+00	   1.0686002e+00	   1.1805511e+00	   1.6918722e+00	
   1.2024861e+00	   1.0723011e+00	   1.1846397e+00	   1.6977317e+00	
   1.2164243e+00	   1.0760148e+00	   1.1887425e+00	   1.7036115e+00	
   1.2305240e+00	   1.0797414e+00	   1.1928595e+00	   1.7095116e+00	
   1.2447871e+00	   1.0834809e+00	   1.1969907e+00	   1.7154322e+00	
   1.2592156e+00	   1.0872333e+00	   1.2011363e+00	   1.7213733e+00	
   1.2738113e+00	   1.0909988e+00	   1.2052962e+00	   1.7273350e+00	
   1.2885762e+00	   1.0947772e+00	   1.2094705e+00	   1.7333173e+00	
   1.3035122e+00	   1.0985688e+00	   1.2136593e+00	   1.7393203e+00	
   1.3186214e+00	   1.1023735e+00	   1.2178626e+00	   1.7453441e+00	
   1.3339057e+00	   1.1061914e+00	   1.2220805e+00	   1.7513888e+00	
   1.3493671e+00	   1.1100225e+00	   1.2263129e+00	   1.7574544e+00	
   1.3650078e+00	   1.1138668e+00	   1.2305600e+00	   1.7635410e+00	
   1.3808298e+00	   1.1177245e+00	   1.2348219e+00	   1.7696487e+00	
   1.3968351e+00	   1.1215955e+00	   1.2390984e+00	   1.7757776e+00	
   1.4130260e+00	   1.1254800e+00	   1.2433898e+00	   1.7819277e+00	
   1.4294045e+00	   1.1293779e+00	   1.2476961e+00	   1.7880991e+00	
   1.4459729e+00	   1.1332893e+00	   1.2520172e+00	   1.7942918e+00	
   1.4627334e+00	   1.1372142e+00	   1.2563534e+00	   1.8005060e+00	
   1.4796881e+00	   1.1411527e+00	   1.2607045e+00	   1.8067418e+00	
   1.4968393e+00	   1.1451049e+00	   1.2650708e+00	   1.8129991e+00	
   1.5141893e+00	   1.1490708e+00	   1.2694521e+00	   1.8192781e+00	
   1.5317405e+00	   1.1530504e+00	   1.2738486e+00	   1.8255788e+00	
   1.5494950e+00	   1.1570438e+00	   1.2782604e+00	   1.8319014e+00	
   1.5674554e+00	   1.1610510e+00	   1.2826874e+00	   1.8382458e+00	
   1.5856240e+00	   1.1650721e+00	   1.2871297e+00	   1.8446123e+00	
   1.6040031e+00	   1.1691071e+00	   1.2915875e+00	   1.8510007e+00	
   1.6225953e+00	   1.1731561e+00	   1.2960607e+00	   1.8574113e+00	
   1.6414030e+00	   1.1772191e+00	   1.3005493e+00	   1.8638441e+00	
   1.6604287e+00	   1.1812962e+00	   1.3050535e+00	   1.8702992e+00	
   1.6796749e+00	   1.1853874e+00	   1.3095734e+00	   1.8767767e+00	
   1.6991442e+00	   1.1894927e+00	   1.3141088e+00	   1.8832766e+00	
   1.7188391e+00	   1.1936123e+00	   1.3186600e+00	   1.8897989e+00	
   1.7387624e+00	   1.1977462e+00	   1.3232269e+00	   1.8963439e+00	
   1.7589166e+00	   1.2018944e+00	   1.3278097e+00	   1.9029116e+00	
   1.7793044e+00	   1.2060569e+00	   1.3324083e+00	   1.9095019e+00	
   1.7999285e+00	   1.2102339e+00	   1.3370229e+00	   1.9161152e+00	
   1.8207917e+00	   1.2144253e+00	   1.3416534e+00	   1.9227513e+00	
   1.8418967e+00	   1.2186312e+00	   1.3463000e+00	   1.9294104e+00	
   1.8632463e+00	   1.2228517e+00	   1.3509627e+00	   1.9360925e+00	
   1.8848434e+00	   1.2270869e+00	   1.3556415e+00	   1.9427978e+00	
   1.9066908e+00	   1.2313367e+00	   1.3603365e+00	   1.9495264e+00	
   1.9287915e+00	   1.2356012e+00	   1.3650478e+00	   1.9562782e+00	
   1.9511483e+00	   1.2398805e+00	   1.3697754e+00	   1.9630534e+00	
   1.9737643e+00	   1.2441746e+00	   1.3745193e+00	   1.9698521e+00	
   1.9966425e+00	   1.2484835e+00	   1.3792797e+00	   1.9766743e+00	
   2.0197858e+00	   1.2528074e+00	   1.3840566e+00	   1.9835202e+00	
   2.0431973e+00	   1.2571463e+00	   1.3888500e+00	   1.9903897e+00	
   2.0668802e+00	   1.2615002e+00	   1.3936601e+00	   1.9972831e+00	
   2.0908377e+00	   1.2658692e+00	   1.3984868e+00	   2.0042003e+00	
   2.1150728e+00	   1.2702533e+00	   1.4033302e+00	   2.0111415e+00	
   2.1395889e+00	   1.2746526e+00	   1.4081903e+00	   2.0181067e+00	
   2.1643891e+00	   1.2790671e+00	   1.4130674e+00	   2.0250961e+00	
   2.1894768e+00	   1.2834969e+00	   1.4179613e+00	   2.0321096e+00	
   2.2148552e+00	   1.2879421e+00	   1.4228721e+00	   2.0391475e+00	
   2.2405279e+00	   1.2924026e+00	   1.4278000e+00	   2.0462097e+00	
   2.2664981e+00	   1.2968786e+00	   1.4327449e+00	   2.0532964e+00	
   2.2927693e+00	   1.3013701e+00	   1.4377070e+00	   2.0604076e+00	
   2.3193451e+00	   1.3058772e+00	   1.4426862e+00	   2.0675434e+00	
   2.3462288e+00	   1.3103999e+00	   1.4476827e+00	   2.0747040e+00	
   2.3734243e+00	   1.3149382e+00	   1.4526965e+00	   2.0818893e+00	
   2.4009349e+00	   1.3194922e+00	   1.4577276e+00	   2.0890996e+00	
   2.4287644e+00	   1.3240621e+00	   1.4627762e+00	   2.0963348e+00	
   2.4569165e+00	   1.3286477e+00	   1.4678422e+00	   2.1035951e+00	
   2.4853949e+00	   1.3332492e+00	   1.4729258e+00	   2.1108805e+00	
   2.5142033e+00	   1.3378667e+00	   1.4780271e+00	   2.1181912e+00	
   2.5433458e+00	   1.3425002e+00	   1.4831459e+00	   2.1255271e+00	
   2.5728260e+00	   1.3471497e+00	   1.4882825e+00	   2.1328885e+00	
   2.6026479e+00	   1.3518153e+00	   1.4934369e+00	   2.1402754e+00	
   2.6328155e+00	   1.3564971e+00	   1.4986092e+00	   2.1476878e+00	
   2.6633327e+00	   1.3611950e+00	   1.5037993e+00	   2.1551260e+00	
   2.6942037e+00	   1.3659093e+00	   1.5090075e+00	   2.1625898e+00	
   2.7254325e+00	   1.3706399e+00	   1.5142337e+00	   2.1700796e+00	
   2.7570233e+00	   1.3753868e+00	   1.5194779e+00	   2.1775953e+00	
   2.7889803e+00	   1.3801502e+00	   1.5247404e+00	   2.1851370e+00	
   2.8213077e+00	   1.3849301e+00	   1.5300210e+00	   2.1927048e+00	
   2.8540098e+00	   1.3897266e+00	   1.5353200e+00	   2.2002988e+00	
   2.8870909e+00	   1.3945396e+00	   1.5406373e+00	   2.2079192e+00	
   2.9205555e+00	   1.3993694e+00	   1.5459730e+00	   2.2155659e+00	
   2.9544080e+00	   1.4042158e+00	   1.5513272e+00	   2.2232391e+00	
   2.9886529e+00	   1.4090791e+00	   1.5566999e+00	   2.2309389e+00	
   3.0232947e+00	   1.4139592e+00	   1.5620913e+00	   2.2386653e+00	
   3.0583380e+00	   1.4188562e+00	   1.5675013e+00	   2.2464185e+00	
   3.0937876e+00	   1.4237701e+00	   1.5729301e+00	   2.2541986e+00	
   3.1296480e+00	   1.4287011e+00	   1.5783776e+00	   2.2620056e+00	
   3.1659241e+00	   1.4336491e+00	   1.5838440e+00	   2.2698397e+00	
   3.2026207e+00	   1.4386143e+00	   1.5893294e+00	   2.2777008e+00	
   3.2397426e+00	   1.4435967e+00	   1.5948337e+00	   2.2855892e+00	
   3.2772948e+00	   1.4485963e+00	   1.6003572e+00	   2.2935050e+00	
   3.3152823e+00	   1.4536133e+00	   1.6058997e+00	   2.3014481e+00	
   3.3537102e+00	   1.4586476e+00	   1.6114615e+00	   2.3094188e+00	
   3.3925834e+00	   1.4636994e+00	   1.6170425e+00	   2.3174170e+00	
   3.4319072e+00	   1.4687686e+00	   1.6226428e+00	   2.3254430e+00	
   3.4716868e+00	   1.4738554e+00	   1.6282625e+00	   2.3334967e+00	
   3.5119275e+00	   1.4789599e+00	   1.6339017e+00	   2.3415783e+00	
   3.5526347e+00	   1.4840820e+00	   1.6395604e+00	   2.3496880e+00	
   3.5938137e+00	   1.4892218e+00	   1.6452388e+00	   2.3578257e+00	
   3.6354700e+00	   1.4943795e+00	   1.6509367e+00	   2.3659916e+00	
   3.6776091e+00	   1.4995550e+00	   1.6566545e+00	   2.3741858e+00	
   3.7202367e+00	   1.5047484e+00	   1.6623920e+00	   2.3824083e+00	
   3.7633584e+00	   1.5099599e+00	   1.6681494e+00	   2.3906594e+00	
   3.8069799e+00	   1.5151893e+00	   1.6739267e+00	   2.3989390e+00	
   3.8511070e+00	   1.5204369e+00	   1.6797240e+00	   2.4072473e+00	
   3.8957456e+00	   1.5257027e+00	   1.6855415e+00	   2.4155843e+00	
   3.9409016e+00	   1.5309867e+00	   1.6913790e+00	   2.4239503e+00	
   3.9865811e+00	   1.5362890e+00	   1.6972368e+00	   2.4323452e+00	
   4.0327900e+00	   1.5416096e+00	   1.7031149e+00	   2.4407692e+00	
   4.0795345e+00	   1.5469487e+00	   1.7090133e+00	   2.4492223e+00	
   4.1268208e+00	   1.5523063e+00	   1.7149322e+00	   2.4577048e+00	
   4.1746553e+00	   1.5576824e+00	   1.7208715e+00	   2.4662166e+00	
   4.2230442e+00	   1.5630772e+00	   1.7268315e+00	   2.4747579e+00	
   4.2719940e+00	   1.5684906e+00	   1.7328120e+00	   2.4833288e+00	
   4.3215111e+00	   1.5739228e+00	   1.7388133e+00	   2.4919293e+00	
   4.3716022e+00	   1.5793738e+00	   1.7448354e+00	   2.5005597e+00	
   4.4222740e+00	   1.5848436e+00	   1.7508783e+00	   2.5092199e+00	
   4.4735331e+00	   1.5903325e+00	   1.7569421e+00	   2.5179101e+00	
   4.5253863e+00	   1.5958403e+00	   1.7630270e+00	   2.5266305e+00	
   4.5778405e+00	   1.6013672e+00	   1.7691329e+00	   2.5353810e+00	
   4.6309028e+00	   1.6069132e+00	   1.7752600e+00	   2.5441618e+00	
   4.6845801e+00	   1.6124785e+00	   1.7814083e+00	   2.5529731e+00	
   4.7388796e+00	   1.6180630e+00	   1.7875779e+00	   2.5618148e+00	
   4.7938085e+00	   1.6236669e+00	   1.7937688e+00	   2.5706872e+00	
   4.8493741e+00	   1.6292902e+00	   1.7999812e+00	   2.5795903e+00	
   4.9055837e+00	   1.6349329e+00	   1.8062151e+00	   2.5885242e+00	
   4.9624449e+00	   1.6405952e+00	   1.8124706e+00	   2.5974891e+00	
   5.0199651e+00	   1.6462771e+00	   1.8187478e+00	   2.6064851e+00	
   5.0781521e+00	   1.6519787e+00	   1.8250467e+00	   2.6155121e+00	
   5.1370135e+00	   1.6577000e+00	   1.8313674e+00	   2.6245705e+00	
   5.1965572e+00	   1.6634412e+00	   1.8377100e+00	   2.6336602e+00	
   5.2567911e+00	   1.6692022e+00	   1.8440746e+00	   2.6427814e+00	
   5.3177232e+00	   1.6749832e+00	   1.8504612e+00	   2.6519342e+00	
   5.3793615e+00	   1.6807842e+00	   1.8568699e+00	   2.6611187e+00	
   5.4417143e+00	   1.6866053e+00	   1.8633009e+00	   2.6703350e+00	
   5.5047898e+00	   1.6924465e+00	   1.8697541e+00	   2.6795832e+00	
   5.5685964e+00	   1.6983080e+00	   1.8762296e+00	   2.6888635e+00	
   5.6331427e+00	   1.7041898e+00	   1.8827276e+00	   2.6981759e+00	
   5.6984371e+00	   1.7100919e+00	   1.8892481e+00	   2.7075205e+00	
   5.7644883e+00	   1.7160145e+00	   1.8957912e+00	   2.7168975e+00	
   5.8313051e+00	   1.7219576e+00	   1.9023569e+00	   2.7263070e+00	
   5.8988964e+00	   1.7279213e+00	   1.9089454e+00	   2.7357491e+00	
   5.9672712e+00	   1.7339056e+00	   1.9155566e+00	   2.7452238e+00	
   6.0364385e+00	   1.7399107e+00	   1.9221908e+00	   2.7547314e+00	
   6.1064075e+00	   1.7459366e+00	   1.9288480e+00	   2.7642719e+00	
   6.1771876e+00	   1.7519833e+00	   1.9355282e+00	   2.7738455e+00	
   6.2487881e+00	   1.7580510e+00	   1.9422315e+00	   2.7834522e+00	
   6.3212185e+00	   1.7641397e+00	   1.9489581e+00	   2.7930922e+00	
   6.3944884e+00	   1.7702495e+00	   1.9557080e+00	   2.8027656e+00	
   6.4686077e+00	   1.7763804e+00	   1.9624812e+00	   2.8124724e+00	
   6.5435860e+00	   1.7825326e+00	   1.9692779e+00	   2.8222129e+00	
   6.6194335e+00	   1.7887060e+00	   1.9760981e+00	   2.8319871e+00	
   6.6961601e+00	   1.7949009e+00	   1.9829420e+00	   2.8417952e+00	
   6.7737760e+00	   1.8011172e+00	   1.9898096e+00	   2.8516373e+00	
   6.8522916e+00	   1.8073551e+00	   1.9967009e+00	   2.8615134e+00	
   6.9317173e+00	   1.8136145e+00	   2.0036161e+00	   2.8714237e+00	
   7.0120636e+00	   1.8198956e+00	   2.0105553e+00	   2.8813684e+00	
   7.0933412e+00	   1.8261985e+00	   2.0175185e+00	   2.8913475e+00	
   7.1755609e+00	   1.8325232e+00	   2.0245058e+00	   2.9013611e+00	
   7.2587337e+00	   1.8388698e+00	   2.0315173e+00	   2.9114095e+00	
   7.3428704e+00	   1.8452384e+00	   2.0385531e+00	   2.9214926e+00	
   7.4279825e+00	   1.8516291e+00	   2.0456132e+00	   2.9316107e+00	
   7.5140811e+00	   1.8580418e+00	   2.0526978e+00	   2.9417638e+00	
   7.6011776e+00	   1.8644768e+00	   2.0598070e+00	   2.9519520e+00	
   7.6892837e+00	   1.8709341e+00	   2.0669408e+00	   2.9621756e+00	
   7.7784111e+00	   1.8774138e+00	   2.0740992e+00	   2.9724345e+00	
   7.8685715e+00	   1.8839158e+00	   2.0812825e+00	   2.9827290e+00	
   7.9597770e+00	   1.8904404e+00	   2.0884906e+00	   2.9930592e+00	
   8.0520397e+00	   1.8969876e+00	   2.0957238e+00	   3.0034251e+00	
   8.1453718e+00	   1.9035575e+00	   2.1029819e+00	   3.0138269e+00	
   8.2397857e+00	   1.9101501e+00	   2.1102652e+00	   3.0242647e+00	
   8.3352940e+00	   1.9167656e+00	   2.1175737e+00	   3.0347387e+00	
   8.4319093e+00	   1.9234040e+00	   2.1249076e+00	   3.0452490e+00	
   8.5296445e+00	   1.9300653e+00	   2.1322668e+00	   3.0557957e+00	
   8.6285126e+00	   1.9367497e+00	   2.1396515e+00	   3.0663788e+00	
   8.7285266e+00	   1.9434573e+00	   2.1470618e+00	   3.0769987e+00	
   8.8297000e+00	   1.9501881e+00	   2.1544978e+00	   3.0876553e+00	
   8.9320460e+00	   1.9569423e+00	   2.1619595e+00	   3.0983489e+00	
   9.0355783e+00	   1.9637198e+00	   2.1694470e+00	   3.1090794e+00	
   9.1403107e+00	   1.9705208e+00	   2.1769605e+00	   3.1198472e+00	
   9.2462571e+00	   1.9773453e+00	   2.1845000e+00	   3.1306522e+00	
   9.3534315e+00	   1.9841935e+00	   2.1920656e+00	   3.1414946e+00	
   9.4618482e+00	   1.9910654e+00	   2.1996575e+00	   3.1523746e+00	
   9.5715215e+00	   1.9979611e+00	   2.2072756e+00	   3.1632923e+00	
   9.6824661e+00	   2.0048806e+00	   2.2149201e+00	   3.1742478e+00	
   9.7946967e+00	   2.0118242e+00	   2.2225911e+00	   3.1852412e+00	
   9.9082281e+00	   2.0187918e+00	   2.2302886e+00	   3.1962727e+00	
   1.0023075e+01	   2.0257835e+00	   2.2380128e+00	   3.2073424e+00	
   1.0139254e+01	   2.0327994e+00	   2.2457637e+00	   3.2184505e+00	
   1.0256779e+01	   2.0398397e+00	   2.2535415e+00	   3.2295970e+00	
   1.0375667e+01	   2.0469043e+00	   2.2613463e+00	   3.2407821e+00	
   1.0495932e+01	   2.0539934e+00	   2.2691780e+00	   3.2520060e+00	
   1.0617592e+01	   2.0611070e+00	   2.2770369e+00	   3.2632687e+00	
   1.0740662e+01	   2.0682453e+00	   2.2849230e+00	   3.2745705e+00	
   1.0865158e+01	   2.0754082e+00	   2.2928364e+00	   3.2859113e+00	
   1.0991097e+01	   2.0825960e+00	   2.3007773e+00	   3.2972915e+00	
   1.1118496e+01	   2.0898087e+00	   2.3087456e+00	   3.3087111e+00	
   1.1247372e+01	   2.0970464e+00	   2.3167415e+00	   3.3201702e+00	
   1.1377741e+01	   2.1043092e+00	   2.3247651e+00	   3.3316690e+00	
   1.1509622e+01	   2.1115970e+00	   2.3328165e+00	   3.3432076e+00	
   1.1643031e+01	   2.1189102e+00	   2.3408958e+00	   3.3547862e+00	
   1.1777987e+01	   2.1262486e+00	   2.3490031e+00	   3.3664049e+00	
   1.1914507e+01	   2.1336125e+00	   2.3571384e+00	   3.3780638e+00	
   1.2052609e+01	   2.1410019e+00	   2.3653019e+00	   3.3897632e+00	
   1.2192313e+01	   2.1484169e+00	   2.3734937e+00	   3.4015030e+00	
   1.2333635e+01	   2.1558575e+00	   2.3817139e+00	   3.4132835e+00	
   1.2476596e+01	   2.1633239e+00	   2.3899625e+00	   3.4251048e+00	
   1.2621213e+01	   2.1708162e+00	   2.3982397e+00	   3.4369670e+00	
   1.2767507e+01	   2.1783344e+00	   2.4065456e+00	   3.4488703e+00	
   1.2915497e+01	   2.1858787e+00	   2.4148802e+00	   3.4608148e+00	
   1.3065202e+01	   2.1934491e+00	   2.4232437e+00	   3.4728007e+00	
   1.3216642e+01	   2.2010457e+00	   2.4316362e+00	   3.4848281e+00	
   1.3369837e+01	   2.2086686e+00	   2.4400577e+00	   3.4968972e+00	
   1.3524809e+01	   2.2163180e+00	   2.4485084e+00	   3.5090081e+00	
   1.3681576e+01	   2.2239938e+00	   2.4569884e+00	   3.5211609e+00	
   1.3840161e+01	   2.2316962e+00	   2.4654977e+00	   3.5333558e+00	
   1.4000584e+01	   2.2394253e+00	   2.4740365e+00	   3.5455929e+00	
   1.4162866e+01	   2.2471811e+00	   2.4826049e+00	   3.5578725e+00	
   1.4327030e+01	   2.2549638e+00	   2.4912030e+00	   3.5701945e+00	
   1.4493096e+01	   2.2627735e+00	   2.4998308e+00	   3.5825592e+00	
   1.4661087e+01	   2.2706102e+00	   2.5084885e+00	   3.5949668e+00	
   1.4831025e+01	   2.2784740e+00	   2.5171762e+00	   3.6074173e+00	
   1.5002933e+01	   2.2863651e+00	   2.5258940e+00	   3.6199109e+00	
   1.5176834e+01	   2.2942835e+00	   2.5346420e+00	   3.6324478e+00	
   1.5352750e+01	   2.3022293e+00	   2.5434202e+00	   3.6450281e+00	
   1.5530706e+01	   2.3102027e+00	   2.5522289e+00	   3.6576520e+00	
   1.5710724e+01	   2.3182037e+00	   2.5610681e+00	   3.6703196e+00	
   1.5892829e+01	   2.3262323e+00	   2.5699379e+00	   3.6830311e+00	
   1.6077044e+01	   2.3342888e+00	   2.5788384e+00	   3.6957866e+00	
   1.6263395e+01	   2.3423732e+00	   2.5877697e+00	   3.7085863e+00	
   1.6451906e+01	   2.3504856e+00	   2.5967320e+00	   3.7214303e+00	
   1.6642602e+01	   2.3586261e+00	   2.6057253e+00	   3.7343188e+00	
   1.6835508e+01	   2.3667947e+00	   2.6147498e+00	   3.7472520e+00	
   1.7030650e+01	   2.3749917e+00	   2.6238055e+00	   3.7602299e+00	
   1.7228054e+01	   2.3832171e+00	   2.6328925e+00	   3.7732528e+00	
   1.7427747e+01	   2.3914709e+00	   2.6420111e+00	   3.7863208e+00	
   1.7629754e+01	   2.3997533e+00	   2.6511612e+00	   3.7994340e+00	
   1.7834102e+01	   2.4080644e+00	   2.6603430e+00	   3.8125926e+00	
   1.8040819e+01	   2.4164043e+00	   2.6695566e+00	   3.8257969e+00	
   1.8249932e+01	   2.4247731e+00	   2.6788022e+00	   3.8390468e+00	
   1.8461469e+01	   2.4331709e+00	   2.6880797e+00	   3.8523427e+00	
   1.8675458e+01	   2.4415977e+00	   2.6973894e+00	   3.8656845e+00	
   1.8891928e+01	   2.4500537e+00	   2.7067313e+00	   3.8790726e+00	
   1.9110906e+01	   2.4585391e+00	   2.7161056e+00	   3.8925071e+00	
   1.9332423e+01	   2.4670538e+00	   2.7255123e+00	   3.9059881e+00	
   1.9556507e+01	   2.4755980e+00	   2.7349516e+00	   3.9195158e+00	
   1.9783189e+01	   2.4841717e+00	   2.7444237e+00	   3.9330903e+00	
   2.0012498e+01	   2.4927752e+00	   2.7539285e+00	   3.9467119e+00	
   2.0244465e+01	   2.5014085e+00	   2.7634662e+00	   3.9603806e+00	
   2.0479121e+01	   2.5100717e+00	   2.7730370e+00	   3.9740966e+00	
   2.0716497e+01	   2.5187648e+00	   2.7826409e+00	   3.9878602e+00	
   2.0956624e+01	   2.5274881e+00	   2.7922780e+00	   4.0016714e+00	
   2.1199535e+01	   2.5362416e+00	   2.8019486e+00	   4.0155305e+00	
   2.1445261e+01	   2.5450254e+00	   2.8116526e+00	   4.0294376e+00	
   2.1693835e+01	   2.5538397e+00	   2.8213903e+00	   4.0433928e+00	
   2.1945291e+01	   2.5626844e+00	   2.8311616e+00	   4.0573963e+00	
   2.2199661e+01	   2.5715598e+00	   2.8409669e+00	   4.0714484e+00	
   2.2456980e+01	   2.5804660e+00	   2.8508060e+00	   4.0855491e+00	
   2.2717281e+01	   2.5894029e+00	   2.8606793e+00	   4.0996987e+00	
   2.2980600e+01	   2.5983709e+00	   2.8705867e+00	   4.1138972e+00	
   2.3246971e+01	   2.6073698e+00	   2.8805285e+00	   4.1281450e+00	
   2.3516429e+01	   2.6164000e+00	   2.8905047e+00	   4.1424420e+00	
   2.3789010e+01	   2.6254614e+00	   2.9005154e+00	   4.1567886e+00	
   2.4064752e+01	   2.6345542e+00	   2.9105608e+00	   4.1711849e+00	
   2.4343689e+01	   2.6436785e+00	   2.9206410e+00	   4.1856311e+00	
   2.4625859e+01	   2.6528344e+00	   2.9307561e+00	   4.2001272e+00	
   2.4911300e+01	   2.6620220e+00	   2.9409063e+00	   4.2146736e+00	
   2.5200050e+01	   2.6712415e+00	   2.9510916e+00	   4.2292704e+00	
   2.5492147e+01	   2.6804928e+00	   2.9613121e+00	   4.2439177e+00	
   2.5787629e+01	   2.6897762e+00	   2.9715681e+00	   4.2586157e+00	
   2.6086536e+01	   2.6990918e+00	   2.9818596e+00	   4.2733647e+00	
   2.6388908e+01	   2.7084396e+00	   2.9921867e+00	   4.2881647e+00	
   2.6694785e+01	   2.7178198e+00	   3.0025496e+00	   4.3030160e+00	
   2.7004207e+01	   2.7272325e+00	   3.0129484e+00	   4.3179187e+00	
   2.7317216e+01	   2.7366777e+00	   3.0233832e+00	   4.3328730e+00	
   2.7633853e+01	   2.7461557e+00	   3.0338541e+00	   4.3478791e+00	
   2.7954160e+01	   2.7556665e+00	   3.0443613e+00	   4.3629372e+00	
   2.8278180e+01	   2.7652103e+00	   3.0549049e+00	   4.3780475e+00	
   2.8605955e+01	   2.7747871e+00	   3.0654850e+00	   4.3932100e+00	
   2.8937530e+01	   2.7843971e+00	   3.0761018e+00	   4.4084251e+00	
   2.9272948e+01	   2.7940403e+00	   3.0867553e+00	   4.4236929e+00	
   2.9612254e+01	   2.8037170e+00	   3.0974457e+00	   4.4390136e+00	
   2.9955493e+01	   2.8134271e+00	   3.1081732e+00	   4.4543873e+00	
   3.0302711e+01	   2.8231709e+00	   3.1189378e+00	   4.4698142e+00	
   3.0653953e+01	   2.8329485e+00	   3.1297396e+00	   4.4852946e+00	
   3.1009266e+01	   2.8427599e+00	   3.1405789e+00	   4.5008286e+00	
   3.1368698e+01	   2.8526052e+00	   3.1514557e+00	   4.5164164e+00	
   3.1732296e+01	   2.8624847e+00	   3.1623702e+00	   4.5320582e+00	
   3.2100109e+01	   2.8723984e+00	   3.1733225e+00	   4.5477542e+00	
   3.2472185e+01	   2.8823465e+00	   3.1843128e+00	   4.5635045e+00	
   3.2848574e+01	   2.8923289e+00	   3.1953411e+00	   4.5793094e+00	
   3.3229325e+01	   2.9023460e+00	   3.2064075e+00	   4.5951690e+00	
   3.3614490e+01	   2.9123977e+00	   3.2175123e+00	   4.6110835e+00	
   3.4004119e+01	   2.9224843e+00	   3.2286556e+00	   4.6270532e+00	
   3.4398265e+01	   2.9326058e+00	   3.2398375e+00	   4.6430781e+00	
   3.4796979e+01	   2.9427623e+00	   3.2510581e+00	   4.6591586e+00	
   3.5200315e+01	   2.9529541e+00	   3.2623175e+00	   4.6752947e+00	
   3.5608326e+01	   2.9631811e+00	   3.2736160e+00	   4.6914868e+00	
   3.6021066e+01	   2.9734435e+00	   3.2849535e+00	   4.7077349e+00	
   3.6438590e+01	   2.9837415e+00	   3.2963304e+00	   4.7240393e+00	
   3.6860954e+01	   2.9940752e+00	   3.3077466e+00	   4.7404001e+00	
   3.7288213e+01	   3.0044446e+00	   3.3192024e+00	   4.7568176e+00	
   3.7720425e+01	   3.0148499e+00	   3.3306979e+00	   4.7732920e+00	
   3.8157647e+01	   3.0252913e+00	   3.3422331e+00	   4.7898234e+00	
   3.8599936e+01	   3.0357689e+00	   3.3538083e+00	   4.8064121e+00	
   3.9047352e+01	   3.0462827e+00	   3.3654236e+00	   4.8230583e+00	
   3.9499955e+01	   3.0568330e+00	   3.3770792e+00	   4.8397620e+00	
   3.9957803e+01	   3.0674197e+00	   3.3887751e+00	   4.8565237e+00	
   4.0420958e+01	   3.0780432e+00	   3.4005115e+00	   4.8733434e+00	
   4.0889482e+01	   3.0887034e+00	   3.4122885e+00	   4.8902213e+00	
   4.1363437e+01	   3.0994006e+00	   3.4241064e+00	   4.9071577e+00	
   4.1842885e+01	   3.1101348e+00	   3.4359652e+00	   4.9241527e+00	
   4.2327891e+01	   3.1209062e+00	   3.4478650e+00	   4.9412067e+00	
   4.2818518e+01	   3.1317149e+00	   3.4598061e+00	   4.9583196e+00	
   4.3314832e+01	   3.1425610e+00	   3.4717885e+00	   4.9754919e+00	
   4.3816899e+01	   3.1534447e+00	   3.4838124e+00	   4.9927236e+00	
   4.4324786e+01	   3.1643661e+00	   3.4958779e+00	   5.0100150e+00	
   4.4838559e+01	   3.1753253e+00	   3.5079853e+00	   5.0273663e+00	
   4.5358288e+01	   3.1863225e+00	   3.5201345e+00	   5.0447776e+00	
   4.5884041e+01	   3.1973577e+00	   3.5323259e+00	   5.0622493e+00	
   4.6415888e+01	   3.2084312e+00	   3.5445594e+00	   5.0797815e+00	
   4.6953900e+01	   3.2195430e+00	   3.5568354e+00	   5.0973744e+00	
   4.7498148e+01	   3.2306933e+00	   3.5691538e+00	   5.1150282e+00	
   4.8048704e+01	   3.2418822e+00	   3.5815150e+00	   5.1327432e+00	
   4.8605642e+01	   3.2531099e+00	   3.5939189e+00	   5.1505195e+00	
   4.9169036e+01	   3.2643764e+00	   3.6063658e+00	   5.1683574e+00	
   4.9738960e+01	   3.2756820e+00	   3.6188558e+00	   5.1862571e+00	
   5.0315489e+01	   3.2870267e+00	   3.6313890e+00	   5.2042187e+00	
   5.0898702e+01	   3.2984108e+00	   3.6439657e+00	   5.2222426e+00	
   5.1488675e+01	   3.3098342e+00	   3.6565859e+00	   5.2403289e+00	
   5.2085486e+01	   3.3212972e+00	   3.6692498e+00	   5.2584778e+00	
   5.2689214e+01	   3.3327999e+00	   3.6819576e+00	   5.2766896e+00	
   5.3299941e+01	   3.3443425e+00	   3.6947094e+00	   5.2949644e+00	
   5.3917746e+01	   3.3559250e+00	   3.7075053e+00	   5.3133026e+00	
   5.4542713e+01	   3.3675476e+00	   3.7203456e+00	   5.3317042e+00	
   5.5174924e+01	   3.3792105e+00	   3.7332303e+00	   5.3501696e+00	
   5.5814462e+01	   3.3909138e+00	   3.7461597e+00	   5.3686990e+00	
   5.6461414e+01	   3.4026576e+00	   3.7591339e+00	   5.3872925e+00	
   5.7115865e+01	   3.4144421e+00	   3.7721529e+00	   5.4059504e+00	
   5.7777901e+01	   3.4262674e+00	   3.7852171e+00	   5.4246729e+00	
   5.8447611e+01	   3.4381337e+00	   3.7983265e+00	   5.4434603e+00	
   5.9125084e+01	   3.4500410e+00	   3.8114813e+00	   5.4623127e+00	
   5.9810410e+01	   3.4619896e+00	   3.8246817e+00	   5.4812305e+00	
   6.0503679e+01	   3.4739796e+00	   3.8379278e+00	   5.5002137e+00	
   6.1204984e+01	   3.4860111e+00	   3.8512198e+00	   5.5192627e+00	
   6.1914418e+01	   3.4980843e+00	   3.8645578e+00	   5.5383777e+00	
   6.2632075e+01	   3.5101992e+00	   3.8779419e+00	   5.5575588e+00	
   6.3358050e+01	   3.5223562e+00	   3.8913725e+00	   5.5768064e+00	
   6.4092440e+01	   3.5345552e+00	   3.9048496e+00	   5.5961207e+00	
   6.4835343e+01	   3.5467965e+00	   3.9183733e+00	   5.6155018e+00	
   6.5586857e+01	   3.5590802e+00	   3.9319439e+00	   5.6349501e+00	
   6.6347081e+01	   3.5714064e+00	   3.9455614e+00	   5.6544657e+00	
   6.7116118e+01	   3.5837753e+00	   3.9592262e+00	   5.6740489e+00	
   6.7894068e+01	   3.5961871e+00	   3.9729382e+00	   5.6937000e+00	
   6.8681036e+01	   3.6086418e+00	   3.9866978e+00	   5.7134191e+00	
   6.9477125e+01	   3.6211397e+00	   4.0005050e+00	   5.7332065e+00	
   7.0282443e+01	   3.6336809e+00	   4.0143600e+00	   5.7530624e+00	
   7.1097094e+01	   3.6462655e+00	   4.0282630e+00	   5.7729871e+00	
   7.1921189e+01	   3.6588936e+00	   4.0422142e+00	   5.7929808e+00	
   7.2754835e+01	   3.6715655e+00	   4.0562137e+00	   5.8130437e+00	
   7.3598145e+01	   3.6842814e+00	   4.0702616e+00	   5.8331761e+00	
   7.4451229e+01	   3.6970412e+00	   4.0843582e+00	   5.8533783e+00	
   7.5314202e+01	   3.7098452e+00	   4.0985037e+00	   5.8736504e+00	
   7.6187177e+01	   3.7226936e+00	   4.1126981e+00	   5.8939927e+00	
   7.7070271e+01	   3.7355865e+00	   4.1269417e+00	   5.9144055e+00	
   7.7963601e+01	   3.7485240e+00	   4.1412346e+00	   5.9348890e+00	
   7.8867286e+01	   3.7615063e+00	   4.1555770e+00	   5.9554434e+00	
   7.9781446e+01	   3.7745336e+00	   4.1699691e+00	   5.9760690e+00	
   8.0706201e+01	   3.7876060e+00	   4.1844110e+00	   5.9967660e+00	
   8.1641676e+01	   3.8007237e+00	   4.1989030e+00	   6.0175347e+00	
   8.2587994e+01	   3.8138868e+00	   4.2134451e+00	   6.0383753e+00	
   8.3545281e+01	   3.8270955e+00	   4.2280376e+00	   6.0592882e+00	
   8.4513663e+01	   3.8403500e+00	   4.2426806e+00	   6.0802734e+00	
   8.5493271e+01	   3.8536503e+00	   4.2573744e+00	   6.1013313e+00	
   8.6484233e+01	   3.8669968e+00	   4.2721190e+00	   6.1224622e+00	
   8.7486681e+01	   3.8803894e+00	   4.2869147e+00	   6.1436662e+00	
   8.8500749e+01	   3.8938284e+00	   4.3017617e+00	   6.1649437e+00	
   8.9526571e+01	   3.9073140e+00	   4.3166601e+00	   6.1862949e+00	
   9.0564284e+01	   3.9208463e+00	   4.3316100e+00	   6.2077200e+00	
   9.1614025e+01	   3.9344254e+00	   4.3466118e+00	   6.2292193e+00	
   9.2675933e+01	   3.9480516e+00	   4.3616655e+00	   6.2507930e+00	
   9.3750150e+01	   3.9617249e+00	   4.3767713e+00	   6.2724415e+00	
   9.4836819e+01	   3.9754457e+00	   4.3919295e+00	   6.2941650e+00	
   9.5936083e+01	   3.9892139e+00	   4.4071401e+00	   6.3159637e+00	
   9.7048089e+01	   4.0030298e+00	   4.4224035e+00	   6.3378379e+00	
   9.8172984e+01	   4.0168936e+00	   4.4377196e+00	   6.3597878e+00	
   9.9310918e+01	   4.0308054e+00	   4.4530889e+00	   6.3818138e+00	
   1.0046204e+02	   4.0447653e+00	   4.4685113e+00	   6.4039161e+00	
   1.0162651e+02	   4.0587736e+00	   4.4839872e+00	   6.4260949e+00	
   1.0280447e+02	   4.0728305e+00	   4.4995167e+00	   6.4483505e+00	
   1.0399609e+02	   4.0869360e+00	   4.5151000e+00	   6.4706832e+00	
   1.0520152e+02	   4.1010903e+00	   4.5307372e+00	   6.4930932e+00	
   1.0642092e+02	   4.1152937e+00	   4.5464286e+00	   6.5155808e+00	
   1.0765446e+02	   4.1295463e+00	   4.5621743e+00	   6.5381464e+00	
   1.0890230e+02	   4.1438482e+00	   4.5779746e+00	   6.5607901e+00	
   1.1016459e+02	   4.1581997e+00	   4.5938295e+00	   6.5835122e+00	
   1.1144153e+02	   4.1726008e+00	   4.6097394e+00	   6.6063130e+00	
   1.1273326e+02	   4.1870519e+00	   4.6257044e+00	   6.6291927e+00	
   1.1403996e+02	   4.2015530e+00	   4.6417247e+00	   6.6521517e+00	
   1.1536181e+02	   4.2161043e+00	   4.6578005e+00	   6.6751903e+00	
   1.1669898e+02	   4.2307060e+00	   4.6739319e+00	   6.6983086e+00	
   1.1805165e+02	   4.2453583e+00	   4.6901193e+00	   6.7215069e+00	
   1.1942000e+02	   4.2600613e+00	   4.7063626e+00	   6.7447857e+00	
   1.2080421e+02	   4.2748153e+00	   4.7226623e+00	   6.7681450e+00	
   1.2220447e+02	   4.2896203e+00	   4.7390184e+00	   6.7915852e+00	
   1.2362095e+02	   4.3044766e+00	   4.7554311e+00	   6.8151067e+00	
   1.2505386e+02	   4.3193844e+00	   4.7719007e+00	   6.8387096e+00	
   1.2650337e+02	   4.3343438e+00	   4.7884273e+00	   6.8623942e+00	
   1.2796969e+02	   4.3493550e+00	   4.8050111e+00	   6.8861608e+00	
   1.2945300e+02	   4.3644182e+00	   4.8216524e+00	   6.9100098e+00	
   1.3095350e+02	   4.3795336e+00	   4.8383513e+00	   6.9339414e+00	
   1.3247140e+02	   4.3947013e+00	   4.8551081e+00	   6.9579558e+00	
   1.3400689e+02	   4.4099216e+00	   4.8719229e+00	   6.9820534e+00	
   1.3556018e+02	   4.4251945e+00	   4.8887959e+00	   7.0062345e+00	
   1.3713147e+02	   4.4405204e+00	   4.9057273e+00	   7.0304993e+00	
   1.3872098e+02	   4.4558993e+00	   4.9227174e+00	   7.0548482e+00	
   1.4032891e+02	   4.4713315e+00	   4.9397664e+00	   7.0792814e+00	
   1.4195548e+02	   4.4868172e+00	   4.9568743e+00	   7.1037992e+00	
   1.4360090e+02	   4.5023564e+00	   4.9740416e+00	   7.1284019e+00	
   1.4526539e+02	   4.5179495e+00	   4.9912683e+00	   7.1530898e+00	
   1.4694918e+02	   4.5335966e+00	   5.0085546e+00	   7.1778632e+00	
   1.4865248e+02	   4.5492979e+00	   5.0259008e+00	   7.2027225e+00	
   1.5037553e+02	   4.5650536e+00	   5.0433071e+00	   7.2276678e+00	
   1.5211855e+02	   4.5808638e+00	   5.0607737e+00	   7.2526995e+00	
   1.5388178e+02	   4.5967288e+00	   5.0783008e+00	   7.2778179e+00	
   1.5566544e+02	   4.6126488e+00	   5.0958886e+00	   7.3030233e+00	
   1.5746977e+02	   4.6286238e+00	   5.1135372e+00	   7.3283160e+00	
   1.5929502e+02	   4.6446542e+00	   5.1312471e+00	   7.3536963e+00	
   1.6114143e+02	   4.6607401e+00	   5.1490182e+00	   7.3791645e+00	
   1.6300924e+02	   4.6768818e+00	   5.1668509e+00	   7.4047209e+00	
   1.6489869e+02	   4.6930793e+00	   5.1847453e+00	   7.4303658e+00	
   1.6681005e+02	   4.7093329e+00	   5.2027018e+00	   7.4560995e+00	
   1.6874357e+02	   4.7256428e+00	   5.2207204e+00	   7.4819224e+00	
   1.7069949e+02	   4.7420093e+00	   5.2388014e+00	   7.5078347e+00	
   1.7267809e+02	   4.7584323e+00	   5.2569450e+00	   7.5338367e+00	
   1.7467962e+02	   4.7749123e+00	   5.2751515e+00	   7.5599288e+00	
   1.7670435e+02	   4.7914494e+00	   5.2934210e+00	   7.5861112e+00	
   1.7875255e+02	   4.8080437e+00	   5.3117538e+00	   7.6123843e+00	
   1.8082449e+02	   4.8246955e+00	   5.3301501e+00	   7.6387484e+00	
   1.8292045e+02	   4.8414049e+00	   5.3486101e+00	   7.6652038e+00	
   1.8504070e+02	   4.8581722e+00	   5.3671341e+00	   7.6917509e+00	
   1.8718553e+02	   4.8749976e+00	   5.3857222e+00	   7.7183899e+00	
   1.8935522e+02	   4.8918813e+00	   5.4043746e+00	   7.7451211e+00	
   1.9155006e+02	   4.9088234e+00	   5.4230917e+00	   7.7719449e+00	
   1.9377033e+02	   4.9258243e+00	   5.4418736e+00	   7.7988616e+00	
   1.9601635e+02	   4.9428840e+00	   5.4607205e+00	   7.8258716e+00	
   1.9828839e+02	   4.9600027e+00	   5.4796328e+00	   7.8529751e+00	
   2.0058678e+02	   4.9771808e+00	   5.4986105e+00	   7.8801724e+00	
   2.0291180e+02	   4.9944184e+00	   5.5176539e+00	   7.9074640e+00	
   2.0526378e+02	   5.0117156e+00	   5.5367633e+00	   7.9348500e+00	
   2.0764301e+02	   5.0290728e+00	   5.5559389e+00	   7.9623310e+00	
   2.1004982e+02	   5.0464901e+00	   5.5751809e+00	   7.9899070e+00	
   2.1248454e+02	   5.0639677e+00	   5.5944895e+00	   8.0175786e+00	
   2.1494747e+02	   5.0815058e+00	   5.6138650e+00	   8.0453461e+00	
   2.1743895e+02	   5.0991047e+00	   5.6333076e+00	   8.0732097e+00	
   2.1995931e+02	   5.1167645e+00	   5.6528175e+00	   8.1011698e+00	
   2.2250888e+02	   5.1344855e+00	   5.6723950e+00	   8.1292267e+00	
   2.2508801e+02	   5.1522679e+00	   5.6920403e+00	   8.1573808e+00	
   2.2769703e+02	   5.1701118e+00	   5.7117537e+00	   8.1856324e+00	
   2.3033629e+02	   5.1880175e+00	   5.7315353e+00	   8.2139818e+00	
   2.3300614e+02	   5.2059853e+00	   5.7513855e+00	   8.2424295e+00	
   2.3570694e+02	   5.2240153e+00	   5.7713043e+00	   8.2709756e+00	
   2.3843905e+02	   5.2421077e+00	   5.7912922e+00	   8.2996207e+00	
   2.4120282e+02	   5.2602628e+00	   5.8113493e+00	   8.3283649e+00	
   2.4399863e+02	   5.2784808e+00	   5.8314758e+00	   8.3572087e+00	
   2.4682685e+02	   5.2967618e+00	   5.8516721e+00	   8.3861523e+00	
   2.4968784e+02	   5.3151062e+00	   5.8719383e+00	   8.4151963e+00	
   2.5258200e+02	   5.3335141e+00	   5.8922747e+00	   8.4443408e+00	
   2.5550971e+02	   5.3519858e+00	   5.9126815e+00	   8.4735862e+00	
   2.5847135e+02	   5.3705214e+00	   5.9331590e+00	   8.5029329e+00	
   2.6146732e+02	   5.3891212e+00	   5.9537074e+00	   8.5323813e+00	
   2.6449802e+02	   5.4077855e+00	   5.9743270e+00	   8.5619317e+00	
   2.6756384e+02	   5.4265144e+00	   5.9950180e+00	   8.5915843e+00	
   2.7066521e+02	   5.4453081e+00	   6.0157807e+00	   8.6213397e+00	
   2.7380252e+02	   5.4641669e+00	   6.0366152e+00	   8.6511982e+00	
   2.7697619e+02	   5.4830911e+00	   6.0575220e+00	   8.6811600e+00	
   2.8018666e+02	   5.5020808e+00	   6.0785011e+00	   8.7112257e+00	
   2.8343433e+02	   5.5211362e+00	   6.0995529e+00	   8.7413954e+00	
   2.8671965e+02	   5.5402577e+00	   6.1206776e+00	   8.7716696e+00	
   2.9004305e+02	   5.5594454e+00	   6.1418754e+00	   8.8020487e+00	
   2.9340497e+02	   5.5786995e+00	   6.1631467e+00	   8.8325330e+00	
   2.9680586e+02	   5.5980203e+00	   6.1844916e+00	   8.8631229e+00	
   3.0024617e+02	   5.6174080e+00	   6.2059105e+00	   8.8938187e+00	
   3.0372636e+02	   5.6368629e+00	   6.2274035e+00	   8.9246208e+00	
   3.0724688e+02	   5.6563852e+00	   6.2489710e+00	   8.9555297e+00	
   3.1080822e+02	   5.6759750e+00	   6.2706132e+00	   8.9865455e+00	
   3.1441083e+02	   5.6956327e+00	   6.2923303e+00	   9.0176688e+00	
   3.1805520e+02	   5.7153585e+00	   6.3141227e+00	   9.0488998e+00	
   3.2174182e+02	   5.7351526e+00	   6.3359905e+00	   9.0802391e+00	
   3.2547116e+02	   5.7550153e+00	   6.3579340e+00	   9.1116868e+00	
   3.2924373e+02	   5.7749467e+00	   6.3799536e+00	   9.1432435e+00	
   3.3306003e+02	   5.7949472e+00	   6.4020494e+00	   9.1749094e+00	
   3.3692057e+02	   5.8150170e+00	   6.4242217e+00	   9.2066851e+00	
   3.4082585e+02	   5.8351562e+00	   6.4464709e+00	   9.2385708e+00	
   3.4477641e+02	   5.8553652e+00	   6.4687970e+00	   9.2705669e+00	
   3.4877275e+02	   5.8756442e+00	   6.4912005e+00	   9.3026738e+00	
   3.5281541e+02	   5.8959934e+00	   6.5136816e+00	   9.3348919e+00	
   3.5690493e+02	   5.9164131e+00	   6.5362406e+00	   9.3672216e+00	
   3.6104186e+02	   5.9369036e+00	   6.5588777e+00	   9.3996633e+00	
   3.6522674e+02	   5.9574650e+00	   6.5815932e+00	   9.4322173e+00	
   3.6946012e+02	   5.9780976e+00	   6.6043873e+00	   9.4648841e+00	
   3.7374257e+02	   5.9988016e+00	   6.6272604e+00	   9.4976640e+00	
   3.7807467e+02	   6.0195774e+00	   6.6502127e+00	   9.5305574e+00	
   3.8245697e+02	   6.0404251e+00	   6.6732445e+00	   9.5635648e+00	
   3.8689007e+02	   6.0613450e+00	   6.6963561e+00	   9.5966865e+00	
   3.9137456e+02	   6.0823374e+00	   6.7195477e+00	   9.6299228e+00	
   3.9591103e+02	   6.1034024e+00	   6.7428196e+00	   9.6632743e+00	
   4.0050008e+02	   6.1245405e+00	   6.7661722e+00	   9.6967413e+00	
   4.0514232e+02	   6.1457517e+00	   6.7896056e+00	   9.7303242e+00	
   4.0983837e+02	   6.1670364e+00	   6.8131202e+00	   9.7640234e+00	
   4.1458885e+02	   6.1883948e+00	   6.8367162e+00	   9.7978394e+00	
   4.1939440e+02	   6.2098272e+00	   6.8603939e+00	   9.8317724e+00	
   4.2425564e+02	   6.2313338e+00	   6.8841536e+00	   9.8658230e+00	
   4.2917324e+02	   6.2529149e+00	   6.9079956e+00	   9.8999915e+00	
   4.3414783e+02	   6.2745707e+00	   6.9319202e+00	   9.9342783e+00	
   4.3918009e+02	   6.2963016e+00	   6.9559277e+00	   9.9686838e+00	
   4.4427067e+02	   6.3181077e+00	   6.9800183e+00	   1.0003209e+01	
   4.4942027e+02	   6.3399893e+00	   7.0041923e+00	   1.0037853e+01	
   4.5462955e+02	   6.3619467e+00	   7.0284500e+00	   1.0072617e+01	
   4.5989921e+02	   6.3839801e+00	   7.0527918e+00	   1.0107502e+01	
   4.6522995e+02	   6.4060899e+00	   7.0772179e+00	   1.0142507e+01	
   4.7062248e+02	   6.4282762e+00	   7.1017285e+00	   1.0177634e+01	
   4.7607752e+02	   6.4505394e+00	   7.1263241e+00	   1.0212882e+01	
   4.8159579e+02	   6.4728797e+00	   7.1510048e+00	   1.0248253e+01	
   4.8717802e+02	   6.4952973e+00	   7.1757710e+00	   1.0283746e+01	
   4.9282496e+02	   6.5177926e+00	   7.2006230e+00	   1.0319362e+01	
   4.9853735e+02	   6.5403658e+00	   7.2255610e+00	   1.0355101e+01	
   5.0431595e+02	   6.5630171e+00	   7.2505854e+00	   1.0390964e+01	
   5.1016153e+02	   6.5857470e+00	   7.2756965e+00	   1.0426951e+01	
   5.1607487e+02	   6.6085555e+00	   7.3008946e+00	   1.0463063e+01	
   5.2205675e+02	   6.6314430e+00	   7.3261799e+00	   1.0499300e+01	
   5.2810797e+02	   6.6544098e+00	   7.3515528e+00	   1.0535662e+01	
   5.3422933e+02	   6.6774562e+00	   7.3770136e+00	   1.0572151e+01	
   5.4042164e+02	   6.7005823e+00	   7.4025625e+00	   1.0608766e+01	
   5.4668573e+02	   6.7237886e+00	   7.4282000e+00	   1.0645507e+01	
   5.5302243e+02	   6.7470752e+00	   7.4539262e+00	   1.0682376e+01	
   5.5943257e+02	   6.7704425e+00	   7.4797415e+00	   1.0719372e+01	
   5.6591702e+02	   6.7938907e+00	   7.5056462e+00	   1.0756497e+01	
   5.7247662e+02	   6.8174201e+00	   7.5316407e+00	   1.0793750e+01	
   5.7911226e+02	   6.8410310e+00	   7.5577251e+00	   1.0831132e+01	
   5.8582482e+02	   6.8647236e+00	   7.5838999e+00	   1.0868644e+01	
   5.9261518e+02	   6.8884984e+00	   7.6101654e+00	   1.0906285e+01	
   5.9948425e+02	   6.9123554e+00	   7.6365218e+00	   1.0944057e+01	
   6.0643294e+02	   6.9362951e+00	   7.6629695e+00	   1.0981960e+01	
   6.1346217e+02	   6.9603177e+00	   7.6895088e+00	   1.1019994e+01	
   6.2057288e+02	   6.9844235e+00	   7.7161401e+00	   1.1058160e+01	
   6.2776601e+02	   7.0086128e+00	   7.7428635e+00	   1.1096458e+01	
   6.3504252e+02	   7.0328858e+00	   7.7696795e+00	   1.1134888e+01	
   6.4240337e+02	   7.0572430e+00	   7.7965884e+00	   1.1173452e+01	
   6.4984954e+02	   7.0816845e+00	   7.8235905e+00	   1.1212149e+01	
   6.5738201e+02	   7.1062106e+00	   7.8506860e+00	   1.1250981e+01	
   6.6500180e+02	   7.1308217e+00	   7.8778755e+00	   1.1289946e+01	
   6.7270991e+02	   7.1555180e+00	   7.9051591e+00	   1.1329047e+01	
   6.8050737e+02	   7.1802998e+00	   7.9325371e+00	   1.1368283e+01	
   6.8839521e+02	   7.2051675e+00	   7.9600100e+00	   1.1407655e+01	
   6.9637447e+02	   7.2301212e+00	   7.9875781e+00	   1.1447163e+01	
   7.0444623e+02	   7.2551615e+00	   8.0152416e+00	   1.1486809e+01	
   7.1261154e+02	   7.2802884e+00	   8.0430010e+00	   1.1526591e+01	
   7.2087150e+02	   7.3055024e+00	   8.0708564e+00	   1.1566511e+01	
   7.2922721e+02	   7.3308036e+00	   8.0988084e+00	   1.1606570e+01	
   7.3767976e+02	   7.3561925e+00	   8.1268571e+00	   1.1646767e+01	
   7.4623029e+02	   7.3816694e+00	   8.1550030e+00	   1.1687104e+01	
   7.5487993e+02	   7.4072345e+00	   8.1832464e+00	   1.1727580e+01	
   7.6362983e+02	   7.4328881e+00	   8.2115876e+00	   1.1768196e+01	
   7.7248115e+02	   7.4586305e+00	   8.2400269e+00	   1.1808953e+01	
   7.8143506e+02	   7.4844621e+00	   8.2685648e+00	   1.1849851e+01	
   7.9049276e+02	   7.5103832e+00	   8.2972014e+00	   1.1890891e+01	
   7.9965545e+02	   7.5363941e+00	   8.3259373e+00	   1.1932073e+01	
   8.0892435e+02	   7.5624950e+00	   8.3547727e+00	   1.1973398e+01	
   8.1830068e+02	   7.5886863e+00	   8.3837079e+00	   1.2014865e+01	
   8.2778570e+02	   7.6149684e+00	   8.4127433e+00	   1.2056477e+01	
   8.3738065e+02	   7.6413414e+00	   8.4418794e+00	   1.2098232e+01	
   8.4708683e+02	   7.6678058e+00	   8.4711163e+00	   1.2140132e+01	
   8.5690551e+02	   7.6943619e+00	   8.5004544e+00	   1.2182177e+01	
   8.6683799e+02	   7.7210099e+00	   8.5298942e+00	   1.2224368e+01	
   8.7688561e+02	   7.7477502e+00	   8.5594360e+00	   1.2266705e+01	
   8.8704969e+02	   7.7745831e+00	   8.5890800e+00	   1.2309188e+01	
   8.9733158e+02	   7.8015090e+00	   8.6188267e+00	   1.2351819e+01	
   9.0773265e+02	   7.8285281e+00	   8.6486765e+00	   1.2394597e+01	
   9.1825428e+02	   7.8556408e+00	   8.6786296e+00	   1.2437524e+01	
   9.2889787e+02	   7.8828474e+00	   8.7086865e+00	   1.2480599e+01	
   9.3966483e+02	   7.9101482e+00	   8.7388474e+00	   1.2523823e+01	
   9.5055659e+02	   7.9375435e+00	   8.7691128e+00	   1.2567197e+01	
   9.6157460e+02	   7.9650338e+00	   8.7994831e+00	   1.2610721e+01	
   9.7272032e+02	   7.9926192e+00	   8.8299585e+00	   1.2654396e+01	
   9.8399523e+02	   8.0203002e+00	   8.8605394e+00	   1.2698222e+01	
   9.9540083e+02	   8.0480771e+00	   8.8912263e+00	   1.2742200e+01	
   1.0069386e+03	   8.0759501e+00	   8.9220194e+00	   1.2786331e+01	
   1.0186102e+03	   8.1039197e+00	   8.9529192e+00	   1.2830614e+01	
   1.0304170e+03	   8.1319862e+00	   8.9839260e+00	   1.2875050e+01	
   1.0423607e+03	   8.1601498e+00	   9.0150402e+00	   1.2919641e+01	
   1.0544428e+03	   8.1884110e+00	   9.0462622e+00	   1.2964386e+01	
   1.0666650e+03	   8.2167701e+00	   9.0775923e+00	   1.3009285e+01	
   1.0790288e+03	   8.2452274e+00	   9.1090309e+00	   1.3054341e+01	
   1.0915359e+03	   8.2737832e+00	   9.1405784e+00	   1.3099552e+01	
   1.1041881e+03	   8.3024380e+00	   9.1722351e+00	   1.3144920e+01	
   1.1169868e+03	   8.3311920e+00	   9.2040015e+00	   1.3190445e+01	
   1.1299339e+03	   8.3600455e+00	   9.2358778e+00	   1.3236128e+01	
   1.1430311e+03	   8.3889990e+00	   9.2678646e+00	   1.3281969e+01	
   1.1562801e+03	   8.4180528e+00	   9.2999622e+00	   1.3327968e+01	
   1.1696827e+03	   8.4472072e+00	   9.3321709e+00	   1.3374127e+01	
   1.1832406e+03	   8.4764626e+00	   9.3644912e+00	   1.3420446e+01	
   1.1969557e+03	   8.5058193e+00	   9.3969234e+00	   1.3466925e+01	
   1.2108298e+03	   8.5352776e+00	   9.4294680e+00	   1.3513566e+01	
   1.2248646e+03	   8.5648380e+00	   9.4621252e+00	   1.3560367e+01	
   1.2390622e+03	   8.5945008e+00	   9.4948956e+00	   1.3607331e+01	
   1.2534243e+03	   8.6242663e+00	   9.5277794e+00	   1.3654458e+01	
   1.2679528e+03	   8.6541349e+00	   9.5607771e+00	   1.3701748e+01	
   1.2826498e+03	   8.6841069e+00	   9.5938892e+00	   1.3749201e+01	
   1.2975172e+03	   8.7141827e+00	   9.6271159e+00	   1.3796819e+01	
   1.3125568e+03	   8.7443627e+00	   9.6604576e+00	   1.3844602e+01	
   1.3277708e+03	   8.7746472e+00	   9.6939149e+00	   1.3892550e+01	
   1.3431612e+03	   8.8050366e+00	   9.7274880e+00	   1.3940664e+01	
   1.3587299e+03	   8.8355313e+00	   9.7611774e+00	   1.3988945e+01	
   1.3744791e+03	   8.8661315e+00	   9.7949834e+00	   1.4037393e+01	
   1.3904108e+03	   8.8968378e+00	   9.8289066e+00	   1.4086009e+01	
   1.4065272e+03	   8.9276503e+00	   9.8629472e+00	   1.4134794e+01	
   1.4228305e+03	   8.9585696e+00	   9.8971057e+00	   1.4183747e+01	
   1.4393226e+03	   8.9895960e+00	   9.9313826e+00	   1.4232870e+01	
   1.4560060e+03	   9.0207298e+00	   9.9657781e+00	   1.4282163e+01	
   1.4728827e+03	   9.0519715e+00	   1.0000293e+01	   1.4331626e+01	
   1.4899551e+03	   9.0833214e+00	   1.0034927e+01	   1.4381261e+01	
   1.5072253e+03	   9.1147798e+00	   1.0069681e+01	   1.4431068e+01	
   1.5246957e+03	   9.1463472e+00	   1.0104556e+01	   1.4481048e+01	
   1.5423686e+03	   9.1780239e+00	   1.0139551e+01	   1.4531200e+01	
   1.5602464e+03	   9.2098103e+00	   1.0174667e+01	   1.4581526e+01	
   1.5783314e+03	   9.2417068e+00	   1.0209906e+01	   1.4632027e+01	
   1.5966260e+03	   9.2737138e+00	   1.0245266e+01	   1.4682702e+01	
   1.6151327e+03	   9.3058316e+00	   1.0280748e+01	   1.4733553e+01	
   1.6338539e+03	   9.3380607e+00	   1.0316354e+01	   1.4784580e+01	
   1.6527921e+03	   9.3704014e+00	   1.0352083e+01	   1.4835784e+01	
   1.6719498e+03	   9.4028540e+00	   1.0387935e+01	   1.4887165e+01	
   1.6913295e+03	   9.4354191e+00	   1.0423912e+01	   1.4938724e+01	
   1.7109339e+03	   9.4680970e+00	   1.0460013e+01	   1.4990461e+01	
   1.7307655e+03	   9.5008880e+00	   1.0496240e+01	   1.5042378e+01	
   1.7508270e+03	   9.5337926e+00	   1.0532591e+01	   1.5094475e+01	
   1.7711211e+03	   9.5668112e+00	   1.0569069e+01	   1.5146752e+01	
   1.7916503e+03	   9.5999441e+00	   1.0605673e+01	   1.5199210e+01	
   1.8124175e+03	   9.6331918e+00	   1.0642404e+01	   1.5251849e+01	
   1.8334255e+03	   9.6665546e+00	   1.0679262e+01	   1.5304671e+01	
   1.8546769e+03	   9.7000329e+00	   1.0716248e+01	   1.5357676e+01	
   1.8761747e+03	   9.7336272e+00	   1.0753362e+01	   1.5410865e+01	
   1.8979216e+03	   9.7673379e+00	   1.0790604e+01	   1.5464238e+01	
   1.9199207e+03	   9.8011653e+00	   1.0827975e+01	   1.5517795e+01	
   1.9421747e+03	   9.8351098e+00	   1.0865476e+01	   1.5571538e+01	
   1.9646866e+03	   9.8691719e+00	   1.0903106e+01	   1.5625467e+01	
   1.9874595e+03	   9.9033520e+00	   1.0940867e+01	   1.5679583e+01	
   2.0104964e+03	   9.9376505e+00	   1.0978759e+01	   1.5733887e+01	
   2.0338003e+03	   9.9720677e+00	   1.1016782e+01	   1.5788378e+01	
   2.0573743e+03	   1.0006604e+01	   1.1054937e+01	   1.5843058e+01	
   2.0812216e+03	   1.0041260e+01	   1.1093223e+01	   1.5897928e+01	
   2.1053452e+03	   1.0076036e+01	   1.1131643e+01	   1.5952988e+01	
   2.1297485e+03	   1.0110933e+01	   1.1170195e+01	   1.6008238e+01	
   2.1544347e+03	   1.0145950e+01	   1.1208881e+01	   1.6063679e+01	
   2.1794070e+03	   1.0181089e+01	   1.1247701e+01	   1.6119313e+01	
   2.2046687e+03	   1.0216349e+01	   1.1286655e+01	   1.6175139e+01	
   2.2302233e+03	   1.0251732e+01	   1.1325745e+01	   1.6231159e+01	
   2.2560741e+03	   1.0287237e+01	   1.1364969e+01	   1.6287373e+01	
   2.2822245e+03	   1.0322865e+01	   1.1404330e+01	   1.6343781e+01	
   2.3086780e+03	   1.0358616e+01	   1.1443827e+01	   1.6400385e+01	
   2.3354381e+03	   1.0394491e+01	   1.1483460e+01	   1.6457185e+01	
   2.3625085e+03	   1.0430491e+01	   1.1523231e+01	   1.6514181e+01	
   2.3898926e+03	   1.0466615e+01	   1.1563140e+01	   1.6571375e+01	
   2.4175941e+03	   1.0502864e+01	   1.1603187e+01	   1.6628767e+01	
   2.4456167e+03	   1.0539239e+01	   1.1643372e+01	   1.6686358e+01	
   2.4739641e+03	   1.0575740e+01	   1.1683697e+01	   1.6744148e+01	
   2.5026401e+03	   1.0612367e+01	   1.1724161e+01	   1.6802138e+01	
   2.5316485e+03	   1.0649121e+01	   1.1764766e+01	   1.6860329e+01	
   2.5609931e+03	   1.0686002e+01	   1.1805511e+01	   1.6918722e+01	
   2.5906779e+03	   1.0723011e+01	   1.1846397e+01	   1.6977317e+01	
   2.6207067e+03	   1.0760148e+01	   1.1887425e+01	   1.7036115e+01	
   2.6510836e+03	   1.0797414e+01	   1.1928595e+01	   1.7095116e+01	
   2.6818126e+03	   1.0834809e+01	   1.1969907e+01	   1.7154322e+01	
   2.7128978e+03	   1.0872333e+01	   1.2011363e+01	   1.7213733e+01	
   2.7443433e+03	   1.0909988e+01	   1.2052962e+01	   1.7273350e+01	
   2.7761533e+03	   1.0947772e+01	   1.2094705e+01	   1.7333173e+01	
   2.8083320e+03	   1.0985688e+01	   1.2136593e+01	   1.7393203e+01	
   2.8408837e+03	   1.1023735e+01	   1.2178626e+01	   1.7453441e+01	
   2.8738127e+03	   1.1061914e+01	   1.2220805e+01	   1.7513888e+01	
   2.9071234e+03	   1.1100225e+01	   1.2263129e+01	   1.7574544e+01	
   2.9408202e+03	   1.1138668e+01	   1.2305600e+01	   1.7635410e+01	
   2.9749075e+03	   1.1177245e+01	   1.2348219e+01	   1.7696487e+01	
   3.0093900e+03	   1.1215955e+01	   1.2390984e+01	   1.7757776e+01	
   3.0442722e+03	   1.1254800e+01	   1.2433898e+01	   1.7819277e+01	
   3.0795587e+03	   1.1293779e+01	   1.2476961e+01	   1.7880991e+01	
   3.1152542e+03	   1.1332893e+01	   1.2520172e+01	   1.7942918e+01	
   3.1513635e+03	   1.1372142e+01	   1.2563534e+01	   1.8005060e+01	
   3.1878913e+03	   1.1411527e+01	   1.2607045e+01	   1.8067418e+01	
   3.2248425e+03	   1.1451049e+01	   1.2650708e+01	   1.8129991e+01	
   3.2622220e+03	   1.1490708e+01	   1.2694521e+01	   1.8192781e+01	
   3.3000348e+03	   1.1530504e+01	   1.2738486e+01	   1.8255788e+01	
   3.3382859e+03	   1.1570438e+01	   1.2782604e+01	   1.8319014e+01	
   3.3769803e+03	   1.1610510e+01	   1.2826874e+01	   1.8382458e+01	
   3.4161233e+03	   1.1650721e+01	   1.2871297e+01	   1.8446123e+01	
   3.4557199e+03	   1.1691071e+01	   1.2915875e+01	   1.8510007e+01	
   3.4957756e+03	   1.1731561e+01	   1.2960607e+01	   1.8574113e+01	
   3.5362955e+03	   1.1772191e+01	   1.3005493e+01	   1.8638441e+01	
   3.5772851e+03	   1.1812962e+01	   1.3050535e+01	   1.8702992e+01	
   3.6187498e+03	   1.1853874e+01	   1.3095734e+01	   1.8767767e+01	
   3.6606951e+03	   1.1894927e+01	   1.3141088e+01	   1.8832766e+01	
   3.7031267e+03	   1.1936123e+01	   1.3186600e+01	   1.8897989e+01	
   3.7460500e+03	   1.1977462e+01	   1.3232269e+01	   1.8963439e+01	
   3.7894709e+03	   1.2018944e+01	   1.3278097e+01	   1.9029116e+01	
   3.8333951e+03	   1.2060569e+01	   1.3324083e+01	   1.9095019e+01	
   3.8778284e+03	   1.2102339e+01	   1.3370229e+01	   1.9161152e+01	
   3.9227768e+03	   1.2144253e+01	   1.3416534e+01	   1.9227513e+01	
   3.9682461e+03	   1.2186312e+01	   1.3463000e+01	   1.9294104e+01	
   4.0142425e+03	   1.2228517e+01	   1.3509627e+01	   1.9360925e+01	
   4.0607720e+03	   1.2270869e+01	   1.3556415e+01	   1.9427978e+01	
   4.1078409e+03	   1.2313367e+01	   1.3603365e+01	   1.9495264e+01	
   4.1554553e+03	   1.2356012e+01	   1.3650478e+01	   1.9562782e+01	
   4.2036217e+03	   1.2398805e+01	   1.3697754e+01	   1.9630534e+01	
   4.2523463e+03	   1.2441746e+01	   1.3745193e+01	   1.9698521e+01	
   4.3016358e+03	   1.2484835e+01	   1.3792797e+01	   1.9766743e+01	
   4.3514965e+03	   1.2528074e+01	   1.3840566e+01	   1.9835202e+01	
   4.4019352e+03	   1.2571463e+01	   1.3888500e+01	   1.9903897e+01	
   4.4529585e+03	   1.2615002e+01	   1.3936601e+01	   1.9972831e+01	
   4.5045733e+03	   1.2658692e+01	   1.3984868e+01	   2.0042003e+01	
   4.5567863e+03	   1.2702533e+01	   1.4033302e+01	   2.0111415e+01	
   4.6096045e+03	   1.2746526e+01	   1.4081903e+01	   2.0181067e+01	
   4.6630349e+03	   1.2790671e+01	   1.4130674e+01	   2.0250961e+01	
   4.7170847e+03	   1.2834969e+01	   1.4179613e+01	   2.0321096e+01	
   4.7717609e+03	   1.2879421e+01	   1.4228721e+01	   2.0391475e+01	
   4.8270710e+03	   1.2924026e+01	   1.4278000e+01	   2.0462097e+01	
   4.8830221e+03	   1.2968786e+01	   1.4327449e+01	   2.0532964e+01	
   4.9396217e+03	   1.3013701e+01	   1.4377070e+01	   2.0604076e+01	
   4.9968775e+03	   1.3058772e+01	   1.4426862e+01	   2.0675434e+01	
   5.0547968e+03	   1.3103999e+01	   1.4476827e+01	   2.0747040e+01	
   5.1133875e+03	   1.3149382e+01	   1.4526965e+01	   2.0818893e+01	
   5.1726574e+03	   1.3194922e+01	   1.4577276e+01	   2.0890996e+01	
   5.2326142e+03	   1.3240621e+01	   1.4627762e+01	   2.0963348e+01	
   5.2932661e+03	   1.3286477e+01	   1.4678422e+01	   2.1035951e+01	
   5.3546209e+03	   1.3332492e+01	   1.4729258e+01	   2.1108805e+01	
   5.4166869e+03	   1.3378667e+01	   1.4780271e+01	   2.1181912e+01	
   5.4794723e+03	   1.3425002e+01	   1.4831459e+01	   2.1255271e+01	
   5.5429855e+03	   1.3471497e+01	   1.4882825e+01	   2.1328885e+01	
   5.6072349e+03	   1.3518153e+01	   1.4934369e+01	   2.1402754e+01	
   5.6722290e+03	   1.3564971e+01	   1.4986092e+01	   2.1476878e+01	
   5.7379764e+03	   1.3611950e+01	   1.5037993e+01	   2.1551260e+01	
   5.8044859e+03	   1.3659093e+01	   1.5090075e+01	   2.1625898e+01	
   5.8717664e+03	   1.3706399e+01	   1.5142337e+01	   2.1700796e+01	
   5.9398267e+03	   1.3753868e+01	   1.5194779e+01	   2.1775953e+01	
   6.0086759e+03	   1.3801502e+01	   1.5247404e+01	   2.1851370e+01	
   6.0783231e+03	   1.3849301e+01	   1.5300210e+01	   2.1927048e+01	
   6.1487777e+03	   1.3897266e+01	   1.5353200e+01	   2.2002988e+01	
   6.2200488e+03	   1.3945396e+01	   1.5406373e+01	   2.2079192e+01	
   6.2921461e+03	   1.3993694e+01	   1.5459730e+01	   2.2155659e+01	
   6.3650791e+03	   1.4042158e+01	   1.5513272e+01	   2.2232391e+01	
   6.4388574e+03	   1.4090791e+01	   1.5566999e+01	   2.2309389e+01	
   6.5134909e+03	   1.4139592e+01	   1.5620913e+01	   2.2386653e+01	
   6.5889896e+03	   1.4188562e+01	   1.5675013e+01	   2.2464185e+01	
   6.6653633e+03	   1.4237701e+01	   1.5729301e+01	   2.2541986e+01	
   6.7426222e+03	   1.4287011e+01	   1.5783776e+01	   2.2620056e+01	
   6.8207767e+03	   1.4336491e+01	   1.5838440e+01	   2.2698397e+01	
   6.8998371e+03	   1.4386143e+01	   1.5893294e+01	   2.2777008e+01	
   6.9798139e+03	   1.4435967e+01	   1.5948337e+01	   2.2855892e+01	
   7.0607177e+03	   1.4485963e+01	   1.6003572e+01	   2.2935050e+01	
   7.1425593e+03	   1.4536133e+01	   1.6058997e+01	   2.3014481e+01	
   7.2253495e+03	   1.4586476e+01	   1.6114615e+01	   2.3094188e+01	
   7.3090993e+03	   1.4636994e+01	   1.6170425e+01	   2.3174170e+01	
   7.3938199e+03	   1.4687686e+01	   1.6226428e+01	   2.3254430e+01	
   7.4795225e+03	   1.4738554e+01	   1.6282625e+01	   2.3334967e+01	
   7.5662185e+03	   1.4789599e+01	   1.6339017e+01	   2.3415783e+01	
   7.6539194e+03	   1.4840820e+01	   1.6395604e+01	   2.3496880e+01	
   7.7426368e+03	   1.4892218e+01	   1.6452388e+01	   2.3578257e+01	
   7.8323826e+03	   1.4943795e+01	   1.6509367e+01	   2.3659916e+01	
   7.9231686e+03	   1.4995550e+01	   1.6566545e+01	   2.3741858e+01	
   8.0150070e+03	   1.5047484e+01	   1.6623920e+01	   2.3824083e+01	
   8.1079098e+03	   1.5099599e+01	   1.6681494e+01	   2.3906594e+01	
   8.2018895e+03	   1.5151893e+01	   1.6739267e+01	   2.3989390e+01	
   8.2969585e+03	   1.5204369e+01	   1.6797240e+01	   2.4072473e+01	
   8.3931295e+03	   1.5257027e+01	   1.6855415e+01	   2.4155843e+01	
   8.4904152e+03	   1.5309867e+01	   1.6913790e+01	   2.4239503e+01	
   8.5888286e+03	   1.5362890e+01	   1.6972368e+01	   2.4323452e+01	
   8.6883826e+03	   1.5416096e+01	   1.7031149e+01	   2.4407692e+01	
   8.7890907e+03	   1.5469487e+01	   1.7090133e+01	   2.4492223e+01	
   8.8909660e+03	   1.5523063e+01	   1.7149322e+01	   2.4577048e+01	
   8.9940222e+03	   1.5576824e+01	   1.7208715e+01	   2.4662166e+01	
   9.0982729e+03	   1.5630772e+01	   1.7268315e+01	   2.4747579e+01	
   9.2037320e+03	   1.5684906e+01	   1.7328120e+01	   2.4833288e+01	
   9.3104135e+03	   1.5739228e+01	   1.7388133e+01	   2.4919293e+01	
   9.4183315e+03	   1.5793738e+01	   1.7448354e+01	   2.5005597e+01	
   9.5275005e+03	   1.5848436e+01	   1.7508783e+01	   2.5092199e+01	
   9.6379348e+03	   1.5903325e+01	   1.7569421e+01	   2.5179101e+01	
   9.7496492e+03	   1.5958403e+01	   1.7630270e+01	   2.5266305e+01	
   9.8626585e+03	   1.6013672e+01	   1.7691329e+01	   2.5353810e+01	
   9.9769776e+03	   1.6069132e+01	   1.7752600e+01	   2.5441618e+01	
   1.0092622e+04	   1.6124785e+01	   1.7814083e+01	   2.5529731e+01	
   1.0209607e+04	   1.6180630e+01	   1.7875779e+01	   2.5618148e+01	
   1.0327947e+04	   1.6236669e+01	   1.7937688e+01	   2.5706872e+01	
   1.0447660e+04	   1.6292902e+01	   1.7999812e+01	   2.5795903e+01	
   1.0568760e+04	   1.6349329e+01	   1.8062151e+01	   2.5885242e+01	
   1.0691263e+04	   1.6405952e+01	   1.8124706e+01	   2.5974891e+01	
   1.0815187e+04	   1.6462771e+01	   1.8187478e+01	   2.6064851e+01	
   1.0940547e+04	   1.6519787e+01	   1.8250467e+01	   2.6155121e+01	
   1.1067360e+04	   1.6577000e+01	   1.8313674e+01	   2.6245705e+01	
   1.1195643e+04	   1.6634412e+01	   1.8377100e+01	   2.6336602e+01	
   1.1325413e+04	   1.6692022e+01	   1.8440746e+01	   2.6427814e+01	
   1.1456687e+04	   1.6749832e+01	   1.8504612e+01	   2.6519342e+01	
   1.1589483e+04	   1.6807842e+01	   1.8568699e+01	   2.6611187e+01	
   1.1723818e+04	   1.6866053e+01	   1.8633009e+01	   2.6703350e+01	
   1.1859710e+04	   1.6924465e+01	   1.8697541e+01	   2.6795832e+01	
   1.1997177e+04	   1.6983080e+01	   1.8762296e+01	   2.6888635e+01	
   1.2136238e+04	   1.7041898e+01	   1.8827276e+01	   2.6981759e+01	
   1.2276910e+04	   1.7100919e+01	   1.8892481e+01	   2.7075205e+01	
   1.2419214e+04	   1.7160145e+01	   1.8957912e+01	   2.7168975e+01	
   1.2563166e+04	   1.7219576e+01	   1.9023569e+01	   2.7263070e+01	
   1.2708787e+04	   1.7279213e+01	   1.9089454e+01	   2.7357491e+01	
   1.2856096e+04	   1.7339056e+01	   1.9155566e+01	   2.7452238e+01	
   1.3005113e+04	   1.7399107e+01	   1.9221908e+01	   2.7547314e+01	
   1.3155856e+04	   1.7459366e+01	   1.9288480e+01	   2.7642719e+01	
   1.3308347e+04	   1.7519833e+01	   1.9355282e+01	   2.7738455e+01	
   1.3462606e+04	   1.7580510e+01	   1.9422315e+01	   2.7834522e+01	
   1.3618652e+04	   1.7641397e+01	   1.9489581e+01	   2.7930922e+01	
   1.3776508e+04	   1.7702495e+01	   1.9557080e+01	   2.8027656e+01	
   1.3936193e+04	   1.7763804e+01	   1.9624812e+01	   2.8124724e+01	
   1.4097729e+04	   1.7825326e+01	   1.9692779e+01	   2.8222129e+01	
   1.4261137e+04	   1.7887060e+01	   1.9760981e+01	   2.8319871e+01	
   1.4426440e+04	   1.7949009e+01	   1.9829420e+01	   2.8417952e+01	
   1.4593658e+04	   1.8011172e+01	   1.9898096e+01	   2.8516373e+01	
   1.4762815e+04	   1.8073551e+01	   1.9967009e+01	   2.8615134e+01	
   1.4933932e+04	   1.8136145e+01	   2.0036161e+01	   2.8714237e+01	
   1.5107033e+04	   1.8198956e+01	   2.0105553e+01	   2.8813684e+01	
   1.5282140e+04	   1.8261985e+01	   2.0175185e+01	   2.8913475e+01	
   1.5459277e+04	   1.8325232e+01	   2.0245058e+01	   2.9013611e+01	
   1.5638468e+04	   1.8388698e+01	   2.0315173e+01	   2.9114095e+01	
   1.5819735e+04	   1.8452384e+01	   2.0385531e+01	   2.9214926e+01	
   1.6003103e+04	   1.8516291e+01	   2.0456132e+01	   2.9316107e+01	
   1.6188597e+04	   1.8580418e+01	   2.0526978e+01	   2.9417638e+01	
   1.6376241e+04	   1.8644768e+01	   2.0598070e+01	   2.9519520e+01	
   1.6566060e+04	   1.8709341e+01	   2.0669408e+01	   2.9621756e+01	
   1.6758079e+04	   1.8774138e+01	   2.0740992e+01	   2.9724345e+01	
   1.6952323e+04	   1.8839158e+01	   2.0812825e+01	   2.9827290e+01	
   1.7148820e+04	   1.8904404e+01	   2.0884906e+01	   2.9930592e+01	
   1.7347594e+04	   1.8969876e+01	   2.0957238e+01	   3.0034251e+01	
   1.7548671e+04	   1.9035575e+01	   2.1029819e+01	   3.0138269e+01	
   1.7752080e+04	   1.9101501e+01	   2.1102652e+01	   3.0242647e+01	
   1.7957846e+04	   1.9167656e+01	   2.1175737e+01	   3.0347387e+01	
   1.8165998e+04	   1.9234040e+01	   2.1249076e+01	   3.0452490e+01	
   1.8376562e+04	   1.9300653e+01	   2.1322668e+01	   3.0557957e+01	
   1.8589567e+04	   1.9367497e+01	   2.1396515e+01	   3.0663788e+01	
   1.8805041e+04	   1.9434573e+01	   2.1470618e+01	   3.0769987e+01	
   1.9023012e+04	   1.9501881e+01	   2.1544978e+01	   3.0876553e+01	
   1.9243510e+04	   1.9569423e+01	   2.1619595e+01	   3.0983489e+01	
   1.9466563e+04	   1.9637198e+01	   2.1694470e+01	   3.1090794e+01	
   1.9692203e+04	   1.9705208e+01	   2.1769605e+01	   3.1198472e+01	
   1.9920457e+04	   1.9773453e+01	   2.1845000e+01	   3.1306522e+01	
   2.0151357e+04	   1.9841935e+01	   2.1920656e+01	   3.1414946e+01	
   2.0384934e+04	   1.9910654e+01	   2.1996575e+01	   3.1523746e+01	
   2.0621218e+04	   1.9979611e+01	   2.2072756e+01	   3.1632923e+01	
   2.0860241e+04	   2.0048806e+01	   2.2149201e+01	   3.1742478e+01	
   2.1102034e+04	   2.0118242e+01	   2.2225911e+01	   3.1852412e+01	
   2.1346630e+04	   2.0187918e+01	   2.2302886e+01	   3.1962727e+01	
   2.1594062e+04	   2.0257835e+01	   2.2380128e+01	   3.2073424e+01	
   2.1844361e+04	   2.0327994e+01	   2.2457637e+01	   3.2184505e+01	
   2.2097561e+04	   2.0398397e+01	   2.2535415e+01	   3.2295970e+01	
   2.2353696e+04	   2.0469043e+01	   2.2613463e+01	   3.2407821e+01	
   2.2612801e+04	   2.0539934e+01	   2.2691780e+01	   3.2520060e+01	
   2.2874908e+04	   2.0611070e+01	   2.2770369e+01	   3.2632687e+01	
   2.3140054e+04	   2.0682453e+01	   2.2849230e+01	   3.2745705e+01	
   2.3408273e+04	   2.0754082e+01	   2.2928364e+01	   3.2859113e+01	
   2.3679601e+04	   2.0825960e+01	   2.3007773e+01	   3.2972915e+01	
   2.3954074e+04	   2.0898087e+01	   2.3087456e+01	   3.3087111e+01	
   2.4231728e+04	   2.0970464e+01	   2.3167415e+01	   3.3201702e+01	
   2.4512601e+04	   2.1043092e+01	   2.3247651e+01	   3.3316690e+01	
   2.4796729e+04	   2.1115970e+01	   2.3328165e+01	   3.3432076e+01	
   2.5084151e+04	   2.1189102e+01	   2.3408958e+01	   3.3547862e+01	
   2.5374904e+04	   2.1262486e+01	   2.3490031e+01	   3.3664049e+01	
   2.5669027e+04	   2.1336125e+01	   2.3571384e+01	   3.3780638e+01	
   2.5966560e+04	   2.1410019e+01	   2.3653019e+01	   3.3897632e+01	
   2.6267541e+04	   2.1484169e+01	   2.3734937e+01	   3.4015030e+01	
   2.6572011e+04	   2.1558575e+01	   2.3817139e+01	   3.4132835e+01	
   2.6880010e+04	   2.1633239e+01	   2.3899625e+01	   3.4251048e+01	
   2.7191579e+04	   2.1708162e+01	   2.3982397e+01	   3.4369670e+01	
   2.7506760e+04	   2.1783344e+01	   2.4065456e+01	   3.4488703e+01	
   2.7825594e+04	   2.1858787e+01	   2.4148802e+01	   3.4608148e+01	
   2.8148124e+04	   2.1934491e+01	   2.4232437e+01	   3.4728007e+01	
   2.8474392e+04	   2.2010457e+01	   2.4316362e+01	   3.4848281e+01	
   2.8804442e+04	   2.2086686e+01	   2.4400577e+01	   3.4968972e+01	
   2.9138317e+04	   2.2163180e+01	   2.4485084e+01	   3.5090081e+01	
   2.9476063e+04	   2.2239938e+01	   2.4569884e+01	   3.5211609e+01	
   2.9817723e+04	   2.2316962e+01	   2.4654977e+01	   3.5333558e+01	
   3.0163343e+04	   2.2394253e+01	   2.4740365e+01	   3.5455929e+01	
   3.0512970e+04	   2.2471811e+01	   2.4826049e+01	   3.5578725e+01	
   3.0866649e+04	   2.2549638e+01	   2.4912030e+01	   3.5701945e+01	
   3.1224428e+04	   2.2627735e+01	   2.4998308e+01	   3.5825592e+01	
   3.1586354e+04	   2.2706102e+01	   2.5084885e+01	   3.5949668e+01	
   3.1952475e+04	   2.2784740e+01	   2.5171762e+01	   3.6074173e+01	
   3.2322840e+04	   2.2863651e+01	   2.5258940e+01	   3.6199109e+01	
   3.2697497e+04	   2.2942835e+01	   2.5346420e+01	   3.6324478e+01	
   3.3076498e+04	   2.3022293e+01	   2.5434202e+01	   3.6450281e+01	
   3.3459891e+04	   2.3102027e+01	   2.5522289e+01	   3.6576520e+01	
   3.3847729e+04	   2.3182037e+01	   2.5610681e+01	   3.6703196e+01	
   3.4240061e+04	   2.3262323e+01	   2.5699379e+01	   3.6830311e+01	
   3.4636942e+04	   2.3342888e+01	   2.5788384e+01	   3.6957866e+01	
   3.5038422e+04	   2.3423732e+01	   2.5877697e+01	   3.7085863e+01	
   3.5444557e+04	   2.3504856e+01	   2.5967320e+01	   3.7214303e+01	
   3.5855399e+04	   2.3586261e+01	   2.6057253e+01	   3.7343188e+01	
   3.6271003e+04	   2.3667947e+01	   2.6147498e+01	   3.7472520e+01	
   3.6691424e+04	   2.3749917e+01	   2.6238055e+01	   3.7602299e+01	
   3.7116718e+04	   2.3832171e+01	   2.6328925e+01	   3.7732528e+01	
   3.7546942e+04	   2.3914709e+01	   2.6420111e+01	   3.7863208e+01	
   3.7982153e+04	   2.3997533e+01	   2.6511612e+01	   3.7994340e+01	
   3.8422408e+04	   2.4080644e+01	   2.6603430e+01	   3.8125926e+01	
   3.8867767e+04	   2.4164043e+01	   2.6695566e+01	   3.8257969e+01	
   3.9318288e+04	   2.4247731e+01	   2.6788022e+01	   3.8390468e+01	
   3.9774030e+04	   2.4331709e+01	   2.6880797e+01	   3.8523427e+01	
   4.0235055e+04	   2.4415977e+01	   2.6973894e+01	   3.8656845e+01	
   4.0701425e+04	   2.4500537e+01	   2.7067313e+01	   3.8790726e+01	
   4.1173199e+04	   2.4585391e+01	   2.7161056e+01	   3.8925071e+01	
   4.1650442e+04	   2.4670538e+01	   2.7255123e+01	   3.9059881e+01	
   4.2133217e+04	   2.4755980e+01	   2.7349516e+01	   3.9195158e+01	
   4.2621588e+04	   2.4841717e+01	   2.7444237e+01	   3.9330903e+01	
   4.3115620e+04	   2.4927752e+01	   2.7539285e+01	   3.9467119e+01	
   4.3615378e+04	   2.5014085e+01	   2.7634662e+01	   3.9603806e+01	
   4.4120929e+04	   2.5100717e+01	   2.7730370e+01	   3.9740966e+01	
   4.4632339e+04	   2.5187648e+01	   2.7826409e+01	   3.9878602e+01	
   4.5149678e+04	   2.5274881e+01	   2.7922780e+01	   4.0016714e+01	
   4.5673013e+04	   2.5362416e+01	   2.8019486e+01	   4.0155305e+01	
   4.6202414e+04	   2.5450254e+01	   2.8116526e+01	   4.0294376e+01	
   4.6737951e+04	   2.5538397e+01	   2.8213903e+01	   4.0433928e+01	
   4.7279696e+04	   2.5626844e+01	   2.8311616e+01	   4.0573963e+01	
   4.7827720e+04	   2.5715598e+01	   2.8409669e+01	   4.0714484e+01	
   4.8382097e+04	   2.5804660e+01	   2.8508060e+01	   4.0855491e+01	
   4.8942899e+04	   2.5894029e+01	   2.8606793e+01	   4.0996987e+01	
   4.9510202e+04	   2.5983709e+01	   2.8705867e+01	   4.1138972e+01	
   5.0084080e+04	   2.6073698e+01	   2.8805285e+01	   4.1281450e+01	
   5.0664610e+04	   2.6164000e+01	   2.8905047e+01	   4.1424420e+01	
   5.1251869e+04	   2.6254614e+01	   2.9005154e+01	   4.1567886e+01	
   5.1845935e+04	   2.6345542e+01	   2.9105608e+01	   4.1711849e+01	
   5.2446887e+04	   2.6436785e+01	   2.9206410e+01	   4.1856311e+01	
   5.3054805e+04	   2.6528344e+01	   2.9307561e+01	   4.2001272e+01	
   5.3669769e+04	   2.6620220e+01	   2.9409063e+01	   4.2146736e+01	
   5.4291862e+04	   2.6712415e+01	   2.9510916e+01	   4.2292704e+01	
   5.4921165e+04	   2.6804928e+01	   2.9613121e+01	   4.2439177e+01	
   5.5557762e+04	   2.6897762e+01	   2.9715681e+01	   4.2586157e+01	
   5.6201738e+04	   2.6990918e+01	   2.9818596e+01	   4.2733647e+01	
   5.6853179e+04	   2.7084396e+01	   2.9921867e+01	   4.2881647e+01	
   5.7512171e+04	   2.7178198e+01	   3.0025496e+01	   4.3030160e+01	
   5.8178801e+04	   2.7272325e+01	   3.0129484e+01	   4.3179187e+01	
   5.8853158e+04	   2.7366777e+01	   3.0233832e+01	   4.3328730e+01	
   5.9535331e+04	   2.7461557e+01	   3.0338541e+01	   4.3478791e+01	
   6.0225412e+04	   2.7556665e+01	   3.0443613e+01	   4.3629372e+01	
   6.0923492e+04	   2.7652103e+01	   3.0549049e+01	   4.3780475e+01	
   6.1629663e+04	   2.7747871e+01	   3.0654850e+01	   4.3932100e+01	
   6.2344019e+04	   2.7843971e+01	   3.0761018e+01	   4.4084251e+01	
   6.3066655e+04	   2.7940403e+01	   3.0867553e+01	   4.4236929e+01	
   6.3797668e+04	   2.8037170e+01	   3.0974457e+01	   4.4390136e+01	
   6.4537154e+04	   2.8134271e+01	   3.1081732e+01	   4.4543873e+01	
   6.5285211e+04	   2.8231709e+01	   3.1189378e+01	   4.4698142e+01	
   6.6041940e+04	   2.8329485e+01	   3.1297396e+01	   4.4852946e+01	
   6.6807439e+04	   2.8427599e+01	   3.1405789e+01	   4.5008286e+01	
   6.7581812e+04	   2.8526052e+01	   3.1514557e+01	   4.5164164e+01	
   6.8365160e+04	   2.8624847e+01	   3.1623702e+01	   4.5320582e+01	
   6.9157588e+04	   2.8723984e+01	   3.1733225e+01	   4.5477542e+01	
   6.9959202e+04	   2.8823465e+01	   3.1843128e+01	   4.5635045e+01	
   7.0770107e+04	   2.8923289e+01	   3.1953411e+01	   4.5793094e+01	
   7.1590411e+04	   2.9023460e+01	   3.2064075e+01	   4.5951690e+01	
   7.2420223e+04	   2.9123977e+01	   3.2175123e+01	   4.6110835e+01	
   7.3259654e+04	   2.9224843e+01	   3.2286556e+01	   4.6270532e+01	
   7.4108815e+04	   2.9326058e+01	   3.2398375e+01	   4.6430781e+01	
   7.4967819e+04	   2.9427623e+01	   3.2510581e+01	   4.6591586e+01	
   7.5836779e+04	   2.9529541e+01	   3.2623175e+01	   4.6752947e+01	
   7.6715812e+04	   2.9631811e+01	   3.2736160e+01	   4.6914868e+01	
   7.7605033e+04	   2.9734435e+01	   3.2849535e+01	   4.7077349e+01	
   7.8504562e+04	   2.9837415e+01	   3.2963304e+01	   4.7240393e+01	
   7.9414517e+04	   2.9940752e+01	   3.3077466e+01	   4.7404001e+01	
   8.0335020e+04	   3.0044446e+01	   3.3192024e+01	   4.7568176e+01	
   8.1266192e+04	   3.0148499e+01	   3.3306979e+01	   4.7732920e+01	
   8.2208158e+04	   3.0252913e+01	   3.3422331e+01	   4.7898234e+01	
   8.3161042e+04	   3.0357689e+01	   3.3538083e+01	   4.8064121e+01	
   8.4124970e+04	   3.0462827e+01	   3.3654236e+01	   4.8230583e+01	
   8.5100072e+04	   3.0568330e+01	   3.3770792e+01	   4.8397620e+01	
   8.6086477e+04	   3.0674197e+01	   3.3887751e+01	   4.8565237e+01	
   8.7084315e+04	   3.0780432e+01	   3.4005115e+01	   4.8733434e+01	
   8.8093719e+04	   3.0887034e+01	   3.4122885e+01	   4.8902213e+01	
   8.9114823e+04	   3.0994006e+01	   3.4241064e+01	   4.9071577e+01	
   9.0147763e+04	   3.1101348e+01	   3.4359652e+01	   4.9241527e+01	
   9.1192676e+04	   3.1209062e+01	   3.4478650e+01	   4.9412067e+01	
   9.2249701e+04	   3.1317149e+01	   3.4598061e+01	   4.9583196e+01	
   9.3318977e+04	   3.1425610e+01	   3.4717885e+01	   4.9754919e+01	
   9.4400648e+04	   3.1534447e+01	   3.4838124e+01	   4.9927236e+01	
   9.5494856e+04	   3.1643661e+01	   3.4958779e+01	   5.0100150e+01	
   9.6601748e+04	   3.1753253e+01	   3.5079853e+01	   5.0273663e+01	
   9.7721470e+04	   3.1863225e+01	   3.5201345e+01	   5.0447776e+01	
   9.8854170e+04	   3.1973577e+01	   3.5323259e+01	   5.0622493e+01	
   1.0000000e+05	   3.2084312e+01	   3.5445594e+01	   5.0797815e+01	
